523
572
827
919
1255
1256
1433
1560
1663
1678
1679
1698
1699
1836
1876
2093
2097
2104
2269
2386
2671
2971
2993
3026
3037
3066
3118
3122
3144
3146
3159
3160
3163
3199
3205
3214
3215
3216
3346
3347
3409
3410
3413
3477
3560
3561
3699
3700
3763
4241
4325
4443
4494
4552
4567
4627
5067
5336
5421
5424
5425
5434
5481
5483
5485
5486
5620
5842
5844
5845
5846
6222
6312
6404
6498
6537
6591
7092
7216
7219
7513
8329
8332
8689
8690
8691
8692
8983
9060
9299
9412
9439
9463
9539
9666
9669
9674
9677
9694
9696
9706
9938
9984
10086
10100
10175
10226
10234
10253
10255
10370
10389
10444
10492
10542
10593
10664
10722
10776
10832
10842
10980
11075
11226
11303
11366
11417
11482
11594
11655
11662
11669
11717
11786
11822
11838
11906
11927
12128
12135
12176
12205
12272
12416
12487
12517
12550
12561
12587
12601
12602
12677
12720
12903
13013
13190
13204
13309
13310
13312
13319
13402
13436
13492
13648
13742
13828
13964
14021
14029
14145
14217
14235
14353
14409
14451
15021
15203
15206
15440
15483
15724
15736
15742
15826
15831
15843
15978
15979
15980
15999
16008
16009
16032
16061
16079
16092
16137
16138
16166
16184
16221
16226
16231
16313
16371
16395
16440
16774
16785
16882
16925
17111
17173
17214
17278
17343
17408
17457
17778
17886
17921
17991
18178
18289
18333
18334
18352
18754
18897
18912
18939
19025
19034
19095
19204
19742
19950
19951
19963
20015
20019
20044
20089
20115
20126
20130
20345
20507
21156
21198
21266
21325
21380
21453
21484
21506
21513
21588
21766
21781
21784
21785
21786
21789
21792
21795
21797
21930
22130
22137
22140
22194
22422
22470
22536
22577
22758
22899
23127
23508
23530
23688
23793
23936
24092
24103
24417
24674
24745
24821
24829
24916
24919
24920
24922
25272
25395
25597
25623
25627
25714
25727
25730
25742
25744
25854
25875
25886
25976
25998
26040
26144
26499
26503
26504
26521
26687
26693
26974
27057
27232
27276
27297
27300
27316
27324
27326
27327
27351
27392
27395
27398
27400
27401
27407
27409
27411
27423
27425
27428
27431
27436
27439
27489
27497
27528
27558
27559
27632
27636
27692
27697
27699
27700
27701
27703
27706
27708
27730
27734
27742
27753
27812
27843
27880
27882
27891
27895
27905
27909
28041
28043
28049
28050
28051
28055
28058
28061
28063
28067
28068
28071
28072
28128
28198
28232
28279
28283
28294
28318
28319
28324
28325
28327
28393
28396
28397
28401
28402
28403
28406
28409
28411
28444
28445
28452
28467
28485
28487
28491
28493
28532
28592
28642
28656
28673
28676
28679
28690
28691
28719
28792
28794
28795
28798
28799
28802
28804
28806
28807
28811
28820
28828
28835
28847
28848
28853
28879
28883
28886
28892
28968
29107
29111
29128
29129
29130
29140
29148
29159
29167
29169
29181
29184
29186
29187
29189
29191
29226
29305
29313
29336
29338
29341
29354
29407
29445
29448
29482
29495
29496
29497
29498
29562
29565
29566
29579
29616
29702
29707
29789
29790
29799
29816
29826
29869
29871
29873
29874
29876
29878
29881
29906
29908
29909
29910
29923
29954
30026
30052
30314
30316
30422
30447
30458
30459
30460
30559
30689
30713
30785
30794
30796
30799
30870
30871
30872
30874
30875
30876
30877
30879
30880
30881
30887
30889
30901
30903
30907
30913
30914
30959
30974
31022
31160
31243
31319
31392
31417
31538
31624
31629
31649
31967
32152
32161
32170
32171
32173
32237
32242
32250
32272
32292
32297
32312
32314
32352
32428
32629
32947
33045
33274
33424
33438
33723
33769
33784
33794
33801
33828
33908
33910
34048
34129
34212
34321
34659
34686
34707
34737
34754
34772
34814
34993
35060
35192
35212
35718
35831
35836
35862
36073
36074
36075
36095
36166
36172
36216
36225
36231
36232
36238
36271
36289
36577
36762
36792
36835
36836
36879
36900
36901
36902
36903
36917
36918
37110
37223
37225
37284
37471
37576
37601
37629
37678
37726
37776
37793
37827
37846
37905
37924
37963
37973
37998
38068
38074
38123
38134
38258
38263
38405
38521
38706
38741
38762
38841
38863
38988
39020
39023
39024
39067
39111
39260
39276
39278
39390
39434
39436
39468
39493
39498
39535
39547
39681
39843
39856
39857
39858
39863
39865
39878
39883
39885
39886
39897
39900
39906
39910
39918
39928
39931
39973
39981
39985
39986
39987
39988
39991
39992
39993
40029
40030
40031
40037
40038
40058
40069
40070
40074
40103
40104
40105
40106
40111
40112
40125
40127
40130
40145
40149
40151
40208
40226
40252
40253
40254
40255
40258
40261
40339
40342
40347
40356
40357
40363
40364
40365
40371
40383
40461
40474
40511
40528
40592
40723
40961
40966
40976
41070
41105
41225
41264
41373
41401
41428
41472
41534
41797
41899
41972
42002
42076
42099
42182
42211
42230
42317
42499
42507
42523
42573
42591
42610
42628
42676
42699
42712
42768
42794
42833
42870
42872
42903
42968
42992
42993
43036
43113
43565
43586
43592
43640
43665
43713
43751
43950
44028
44108
44132
44152
44179
44194
44203
44239
44435
44436
44444
44550
44673
44836
44839
44886
44914
44930
44935
44971
45065
45097
45270
45384
45397
45452
45474
45480
45501
45660
45676
45719
45737
45756
45814
45866
45952
46025
46078
46079
46146
46164
46313
46362
46405
46653
46658
46719
46767
46799
46879
46921
46959
46980
46998
47051
47270
47284
47331
47408
47453
47459
47519
47606
47655
47791
48191
48192
48270
48302
48393
48395
48570
48581
48584
48585
48594
48613
48616
48624
48626
48628
48630
48631
48632
48636
48813
48814
48846
48895
49037
49096
49130
49190
49212
49236
49239
49361
49395
49402
49593
49690
49706
49711
49797
49901
50086
50108
50113
50122
50162
50173
50272
50324
50342
50387
50425
50432
50438
50450
50458
50515
50538
50688
50732
50888
51077
51096
51322
51455
51564
51576
51747
51774
51868
51890
52034
52092
52135
52137
52142
52191
52251
52274
52302
52369
52372
52373
52375
52376
52377
52378
52379
52381
52382
52383
52388
52389
52391
52392
52394
52398
52400
52404
52405
52407
52408
52409
52410
52413
52414
52416
52419
52420
52422
52494
52587
52669
52720
52728
52794
52803
52849
52854
53064
53122
53184
53186
53248
53354
53543
53567
53859
53923
53933
53953
53986
54019
54111
54112
54117
54285
54433
54493
54579
54671
54704
54713
54818
54819
54827
54996
55042
55069
55141
55142
55162
55215
55470
55616
55689
55711
55729
55732
56161
56180
56228
56229
56238
56328
56382
56386
56532
56563
56566
56603
56604
56609
56635
56653
56685
56781
56790
56812
56814
56815
56832
56937
57011
57018
57084
57094
57100
57101
57104
57126
57203
57224
57230
57238
57270
57326
57447
57568
57625
57632
57640
57875
57903
57910
57956
57984
57985
58203
58218
58245
58384
58405
58432
58477
58520
58674
58675
58719
58745
58970
59008
59059
59332
59356
59363
59368
59421
59429
59450
59480
59546
59802
59857
59912
60065
60068
60159
60160
60275
60667
60860
60898
61165
61199
61232
61378
61386
61506
61674
61683
61696
61722
61826
61904
62004
62174
62181
62182
62224
62332
62338
62436
62517
62558
62574
62680
62682
62714
62736
62787
62914
62915
62916
62925
62928
62929
62930
62932
62947
63024
63025
63026
63032
63081
63112
63189
63266
63311
63363
63440
63444
63484
63566
63832
63881
63977
64112
64113
64155
64215
64305
64306
64309
64343
64445
64447
64450
64454
64479
64528
64534
64538
64548
64624
64664
64666
64725
64792
64839
64855
64914
64985
64992
65001
65044
65292
65317
65514
65588
65617
65639
65693
65833
65966
65984
65987
65989
65997
66014
66039
66127
66206
66213
66237
66410
66448
66664
66795
66841
66948
67065
67166
67183
67219
67253
67314
67329
67339
67342
67343
67344
67345
67346
67347
67348
67349
67350
67382
67459
67563
67667
67673
67732
67737
67767
67973
68146
68302
68341
68373
68477
68494
68557
68559
68627
68632
68636
68694
68715
68758
68815
68820
68824
68905
68915
68922
69011
69025
69326
69362
69379
69391
69408
69449
69469
69576
69579
69594
69607
69724
69726
69736
69777
69791
69860
69872
69911
70000
70075
70128
70217
70224
70349
70411
70412
70420
70538
70669
70776
70810
70915
71057
71058
71059
71064
71305
71313
71359
71480
71538
71617
71622
71786
71790
71821
71919
71951
72021
72042
72090
72256
72309
72344
72408
72434
72558
72745
72834
72909
72967
72994
73043
73101
73250
73262
73306
73636
73644
73696
73708
73748
73766
73792
73861
73895
73910
74036
74071
74081
74087
74090
74135
74215
74241
74273
74289
74325
74336
74381
74386
74416
74481
74560
74576
74586
74650
74726
74829
74831
74860
75006
75064
75077
75220
75317
75318
75338
75393
75439
75561
75624
75724
75821
75835
75838
75931
76001
76216
76310
76322
76449
76457
76458
76461
76659
76715
76724
76755
76765
76818
76819
76822
76833
76847
77010
77029
77046
77086
77257
77301
77314
77321
77449
77483
77495
77642
77696
77728
77823
77824
78020
78071
78072
78195
78203
78227
78352
78382
78384
78428
78452
78546
79067
79069
79075
79278
79282
79322
79359
79394
79436
79574
79624
79758
80002
80047
80067
80195
80238
80279
80280
80334
80394
80448
80640
80653
80655
80662
80693
80794
80821
80962
81189
81217
81325
81471
81486
81490
81498
81509
81537
81611
81841
81990
82076
82143
82161
82199
82791
82828
82999
83014
83086
83121
83123
83190
83193
83223
83315
83404
83411
83705
83900
83955
83958
83960
84004
84006
84008
84135
84235
84251
84289
84362
84368
84372
84473
84508
84590
84599
84600
84604
84657
84805
84944
84951
84984
84994
84999
85002
85004
85005
85012
85032
85139
85140
85160
85171
85180
85182
85205
85235
85259
85349
85438
85532
85579
85620
85983
86003
86008
86075
86198
86383
86388
86480
86569
86640
86645
86748
86754
86810
87039
87069
87125
87148
87246
87297
87339
87352
87356
87419
87485
87487
87495
87690
87867
87915
87916
87917
88262
88486
88525
88613
88665
88718
88780
88781
88784
88789
88790
88879
88914
88922
88983
89055
89376
89477
89810
89947
89950
89956
89992
90029
90063
90084
90111
90196
90231
90397
90450
90629
90652
90730
90734
90760
90887
90942
90944
90965
90972
91227
91229
91237
91255
91256
91378
91624
91756
91791
91880
92060
92213
92468
92499
92693
92696
92708
92729
92731
92751
92791
92927
92939
92976
93142
93532
94016
94161
94634
94656
94684
94832
95043
95098
95113
95195
95245
95519
95551
95609
95946
96001
96148
96167
96239
96468
96485
96626
96650
96654
96989
97186
97187
97204
97270
97311
97527
97642
97692
97794
97796
97797
97803
97812
97877
97978
97981
97982
97984
97985
98027
98122
98126
98154
98156
98164
98208
98209
98226
98335
99008
99099
99106
99117
99261
99306
99438
99442
99449
99530
99642
99658
99831
100122
100270
100459
100463
100468
100480
100482
100592
100594
100702
100960
101189
101361
101419
101429
101457
101604
101611
101725
101730
101733
101745
101784
101820
101835
101981
101987
102159
102256
102309
102312
102468
102547
102713
102717
102877
103512
104053
104182
104233
104262
104264
104272
104275
104308
104311
104313
104317
104325
104337
104360
104366
104369
104370
104392
104411
104414
104421
104498
104524
104532
104548
104583
104595
104597
104599
104623
104633
104639
104675
104680
104683
104684
104685
104687
104688
104765
104767
104876
104891
104894
104906
104909
104925
104927
104937
104940
104944
104947
104952
104969
104970
104973
104980
105002
105003
105004
105009
105010
105012
105014
105079
105083
105085
105087
105093
105099
105110
105111
105114
105148
105150
105151
105156
105184
105232
105237
105397
105398
105424
105428
105429
105546
105621
105623
105659
105751
105753
105754
105755
105814
105825
105826
105834
105846
105855
105877
105896
105904
105907
105913
105915
105917
105924
105927
105977
106048
106138
106141
106452
106463
106465
106468
106470
106505
106508
106511
106517
106520
106524
106534
106540
106559
106564
106568
106569
106634
106648
106652
106654
106656
106661
106664
106697
106703
106708
106713
106714
106718
106720
106752
106760
106899
106904
106943
106948
106962
107016
107058
107068
107122
107227
107329
107374
107376
107387
107392
107413
107425
107429
107480
107632
107782
107807
107905
107918
107937
107976
107983
107991
108002
108065
108072
108077
108079
108090
108092
108093
108101
108106
108364
108423
108428
108430
108431
108449
108463
108545
108552
108561
108576
108603
108613
108648
108737
108739
108764
108790
108798
108808
108811
108814
108815
108871
109083
109105
109118
109174
109377
109463
109554
109967
110092
110270
110345
110372
110608
110650
110760
110768
110849
110911
110974
111256
111258
111490
111590
111934
112092
112106
112150
112170
112219
112238
112355
112371
112417
112427
112447
112516
112594
112772
112941
113128
113159
113398
113428
113446
113458
113488
113562
113597
113607
113614
113632
113645
113649
113674
113910
113991
114038
114047
114196
114223
114247
114256
114319
114320
114349
114560
114880
115018
115147
115167
115216
115227
115423
115738
115845
115905
115909
115960
116299
116322
116387
116607
116615
116634
116636
116732
116946
116996
116997
117056
117078
117144
117197
117324
117326
117414
117441
117560
117813
118007
118315
118370
118402
118502
118520
118868
119267
119308
119337
119419
119471
119545
119577
119589
119865
119885
119947
120186
120194
120253
120303
120852
120884
121017
121022
121291
121377
121519
121560
121752
121888
122267
122895
122926
123044
123103
123297
123331
123344
123346
123353
123356
123359
123362
123411
123613
123793
123839
123957
123969
124310
124393
124413
124423
124597
124701
124733
124739
124870
125143
125162
125165
125174
125270
125751
125944
126006
126278
126280
126404
126503
126597
126693
126743
126809
126825
126949
126973
127126
127144
127183
127188
127204
127205
127247
127256
127358
127401
127424
127443
127498
127593
127642
127645
127675
127768
127791
127832
127843
127946
128167
128191
128288
128387
128402
128416
128452
128519
128546
128598
128759
128800
129074
129096
129102
129123
129213
129278
129393
129474
129743
129828
130532
130926
130938
131115
131144
131343
131434
131674
131815
131871
131938
131943
132019
132030
132169
132321
132371
132705
132815
132818
132957
133121
133248
133293
133473
133523
133531
133666
133667
133980
133985
133989
133998
134172
134174
134245
134359
134617
134627
134812
135150
135195
135210
135561
135605
135806
135835
136018
136069
136325
136601
136695
136849
136852
136894
136980
137103
137207
137562
137618
137625
137854
138448
138472
138521
138528
138567
138577
138765
138860
139004
139008
139293
139297
139357
139372
139387
139396
139937
140025
140129
140149
140359
140378
140441
140508
140510
140512
140513
140770
140835
140881
141124
141335
141337
141365
141388
141442
141754
141758
141883
141890
142030
142050
142054
142346
142356
142410
142525
142537
142562
142662
142665
142802
143021
143217
143281
143377
143451
143452
143455
143506
143525
143536
143627
143669
143674
143680
143864
143865
143889
144630
144637
144716
144825
144837
144838
144927
145069
145099
145169
145451
145525
145623
145821
146195
146287
146296
146312
146334
146368
146533
146537
146705
146728
146800
146873
147059
147084
147619
147758
147812
147889
147925
147965
148322
148850
148882
149167
149613
149843
150164
150373
151022
151171
151747
151782
152022
152025
152041
152103
152227
152357
152373
152578
152640
152810
152903
153170
153246
153270
153274
153281
153295
153298
153383
153419
153420
153618
153730
153741
153750
153755
153820
153853
154300
154524
154529
154566
154603
154895
155288
155372
155529
155649
155666
155676
155884
155893
156045
156067
156150
156192
156550
156690
157004
157085
157125
157164
157268
157421
157709
157761
157767
158043
158100
158129
158220
158246
158368
158481
158519
158868
159069
159515
159650
159773
160004
160198
160266
160405
160580
160703
160719
160745
160750
160794
160816
160882
160897
161366
161885
162326
163060
163066
163279
163413
163607
163617
163622
163971
164420
164661
164859
164993
165282
165675
166060
166092
166158
166179
166206
166214
166614
166631
166632
166706
166715
166772
166820
166916
166921
166927
166928
166929
166931
166937
166938
166941
166942
166945
166946
166950
166952
167025
167123
167163
167210
167522
167665
167972
167979
168131
168502
168809
168891
169030
169163
169250
169314
169360
169406
169453
169507
169615
169634
169636
169836
169848
169918
170798
171204
171280
171390
171502
171540
171704
171799
171823
171993
171998
172037
172128
172133
172159
172347
172349
172513
172608
172620
172654
172669
172698
172711
172726
172735
172738
172744
172773
172780
172794
172798
172800
172806
172808
172928
172947
172968
172969
173018
173027
173041
173044
173106
173109
173110
173113
173121
173123
173124
173134
173413
173454
173905
174650
174745
174790
174825
174838
175168
175385
175696
175940
175945
176104
176524
176762
176915
176990
177055
177099
177110
177116
177121
178037
178121
178148
178158
178239
178476
178636
178674
178725
178751
178858
178875
179130
179143
179344
179358
179380
179538
179548
179995
180000
180017
180205
180229
181111
181320
181390
181586
181601
181656
181738
181747
181749
181828
181870
181902
182166
182227
182307
182309
182430
182769
182779
182829
182920
182921
183216
183597
183770
183806
184219
184852
184998
185090
185162
185279
185331
185341
185377
185502
185512
185697
185705
185859
186296
186346
186356
186391
186412
186723
186747
186920
186979
187106
187337
187380
187683
187689
188045
188109
188541
188633
188758
188828
189032
189079
189307
189322
189445
190126
190179
190190
190250
190423
190899
191312
191386
191429
191562
191623
191631
192125
192204
192252
192573
192736
192857
192881
193166
193299
193461
193598
194120
194156
194166
194209
194215
194218
194290
194809
194992
195165
195191
195463
195471
195761
195807
196035
196252
196326
196425
196428
196429
196506
196798
196897
197167
197201
197245
197255
197336
197537
197817
197854
198075
198085
198225
198489
198516
198690
198757
198762
198983
198992
199017
199163
199330
199583
199674
199690
199736
199766
199771
199774
199925
200036
200047
200057
200098
200170
200172
200272
200377
200402
200412
200443
200464
200525
200848
200987
201199
201223
201325
201343
201604
201838
201839
202724
202865
203101
203151
203425
203847
204260
204315
204348
204391
204609
204612
204734
204932
205098
205100
205383
205686
206010
206201
206574
206710
206794
206877
206881
207291
207686
208284
208505
208562
208579
208621
208693
208697
208704
208705
208763
208916
208917
209518
209860
209861
209966
210079
210093
210653
210791
210803
210887
210911
210913
211071
211105
211156
211505
211512
211645
211862
212286
212511
212839
212960
213041
213120
213153
213224
213611
213646
213706
214163
214209
214469
214632
214700
214851
215251
215501
215731
215773
215965
216134
216186
216391
216879
217004
217102
217105
217198
217751
217755
217810
217930
217982
218018
218032
218454
218499
218638
218667
218697
218738
218856
219008
219060
219063
219335
219437
219895
220084
220287
220447
220638
220648
220655
220885
221007
221245
221434
221437
221661
221767
221817
221839
221843
221865
222008
222171
222283
222415
222641
222832
223055
223319
223974
224120
224473
224566
224756
224896
224957
225029
225266
225279
225294
225524
225587
225666
225952
225982
226199
226252
226603
226624
226931
227173
227254
227432
227433
227534
227618
227692
227772
227895
227922
228012
228103
228172
228263
228269
228485
228505
228552
228596
228650
228820
228942
229156
229331
229357
229394
229842
229847
229862
229866
230008
230210
230256
230430
230573
230576
230653
230656
230686
230691
230714
230722
230925
231300
231430
231482
231528
231683
231707
231833
232526
232612
232856
233200
233202
233222
233359
233523
233842
234088
234663
234941
235247
235373
235374
235497
235788
235796
235853
236129
236775
236808
237015
237394
237407
237449
237781
238085
238087
238092
238101
238205
238374
238647
238718
239201
239211
239427
239434
239458
240157
240585
240860
240992
241041
241174
241202
241396
241528
241842
241863
242011
242361
242441
242493
242549
242584
243570
243770
243771
243772
243773
243776
243837
243996
243997
243998
244009
244067
244206
244216
244311
244844
245097
245492
245529
245987
245992
246072
246196
246352
246409
246417
246943
247674
248506
249187
249222
249231
249235
249245
249248
249254
249281
249344
249345
249418
249469
249491
249527
249534
249537
249599
250172
250185
250443
250447
250453
250508
250525
250589
250629
250638
250739
250747
250786
250839
250858
250866
250883
250884
250930
250933
250991
251046
251270
251282
251337
251735
252235
252531
252596
252739
252801
252864
253081
253323
253376
253398
253400
253674
253779
253788
254007
254026
254032
254156
254186
254250
254280
254427
254529
254530
254532
254672
254712
254874
255250
255254
255384
255515
255585
255631
255848
255900
255991
256036
256054
256085
256331
256514
256522
256577
256750
256756
256769
256781
256890
256907
256952
257025
257075
257306
257309
257501
257527
257567
257904
257954
258311
258492
258612
258685
258763
258923
258931
258936
258942
259062
259075
259100
259233
259299
259302
259307
259360
259390
259400
259464
259512
259586
259761
259904
259920
259921
259977
259979
260012
260014
260030
260085
260100
260210
260266
260491
260579
260604
260780
260804
260805
260811
260915
260966
261073
261403
261427
261472
261478
261932
262091
262181
262187
262347
262402
262600
262690
262996
263152
263214
263250
263497
263619
263865
264163
264216
264239
264250
264269
264384
264397
264443
264466
264467
264574
264657
264712
264718
264948
265240
265466
265569
266063
266163
266182
266219
266221
266501
266539
266669
266873
267085
267226
267268
267293
267399
267458
267767
267792
268105
268111
268157
268217
268269
268580
268687
268690
268721
268871
269050
269136
269174
269176
269178
269185
269231
269237
269290
269332
269358
269479
269587
269588
269696
269736
269776
269796
269844
269857
269959
270149
270176
270294
270314
270362
270398
270424
270465
270478
270488
270508
270668
270736
270894
270913
270925
271146
271347
271564
271643
271784
271951
272108
272284
272617
272625
273060
273204
273236
273467
273603
273608
273623
273645
273889
274140
274223
274247
274449
274519
274747
274804
274883
274932
274991
275039
275239
275613
275928
276056
276129
276168
276624
276744
276836
276872
277348
277514
277636
277686
277774
277791
278070
278288
278327
278438
278545
279032
279359
279623
279659
279928
279969
280016
280116
280191
280220
280272
280387
280393
280468
280486
280887
280928
280931
281000
281044
281117
281140
281152
281657
281872
281933
282069
282070
282152
282353
282367
282391
282432
282443
282554
282769
282776
282908
282934
282938
283009
283075
283127
283436
283437
283548
283556
283716
283925
284017
284063
284270
284303
284305
284324
284578
284594
284813
284893
284995
285067
285104
285306
285324
285359
285363
285374
285503
285551
285554
285743
285943
286093
286387
286441
286491
286570
286659
286681
286885
286967
287077
287174
287175
287189
287258
287311
287779
287783
288042
288411
288454
288607
288917
289034
289197
289363
289565
289571
289613
289732
289920
290057
290182
290256
290281
290302
290363
290413
290565
290589
290590
290619
290795
291002
291163
291384
291492
291506
291619
291637
291783
291873
292106
292200
292238
292239
292506
292625
292636
292828
292830
293021
293360
293433
293622
293670
293784
293831
293878
293883
293976
293980
294485
294723
294811
294844
294904
294912
294966
295157
295215
295375
295427
295466
295482
295594
295616
295647
295737
295781
295786
295830
295981
296280
296315
296457
296483
296574
296760
296916
296932
296953
296998
297030
297058
297186
297190
297275
297294
297306
297459
297478
297610
297768
298023
298400
298487
298663
298683
298742
298787
298978
299012
299138
299340
299428
299431
299435
299442
299446
299447
299448
299449
299450
299453
299457
299460
299573
299577
299586
299593
299610
299614
299621
299622
299624
299625
299626
299627
299631
299635
299637
299639
299740
299768
299802
299804
299806
299807
299808
299810
300127
300139
300146
300375
300411
300442
300583
300584
300615
300790
300906
300980
301113
301156
301246
301263
301659
301671
301744
301750
301765
301821
301848
301880
301915
301992
302106
302114
302614
302684
302749
302797
302890
303089
303146
303350
303460
303462
303468
303469
303492
303496
303501
303504
303512
303522
303534
303536
303540
303775
303856
303966
304134
304366
304387
304629
304657
304819
305077
305148
305392
305769
306077
306696
306746
306951
307108
307130
307150
307590
308037
308129
308137
308186
308250
308419
308498
308520
308572
308650
308655
308704
308721
308831
308993
309301
309760
309815
310921
311049
311116
311155
311170
311676
311683
312172
312781
312984
313263
313343
313553
313598
314088
314225
314235
314287
314405
314431
314510
314533
314542
314554
314865
314982
315011
315083
315125
315151
315205
315209
315221
315243
315253
315256
315267
315273
315440
315442
315452
315585
315708
315776
315921
316018
316032
316091
316108
316710
316745
316770
316862
316871
316874
316878
316881
317093
317127
317168
317176
317275
317342
317578
317591
317619
317688
317712
317894
317903
317917
317957
317979
318356
318378
318619
318621
318631
318637
318717
318836
318898
318936
318939
318941
319034
319223
319298
319304
319314
319325
319565
319631
319678
320020
320120
320153
320213
320654
320678
320799
320803
320883
320904
321371
321686
321695
321699
321704
321705
321707
321709
321718
321723
321725
321735
321737
321746
322009
322036
322037
322042
322043
322044
322048
322055
322060
322076
322148
322401
322404
322418
322426
322427
322431
322436
322459
322496
322497
322498
322499
322527
322528
322529
322530
322534
322535
322537
322543
322572
322573
322574
322576
322577
322584
322586
322587
322593
322609
322647
322786
322848
323014
323030
323115
323140
323214
323373
323864
323914
324008
324010
324075
324084
324243
324375
324436
324440
324794
324812
325039
325338
325517
325989
326044
326071
326431
326732
326853
326872
326968
326971
327176
327521
327533
327544
327767
327815
328252
328515
328676
328688
328724
328940
328947
328969
328987
328988
329013
329020
329033
329061
329134
329250
329465
329702
329732
329824
329884
329951
330025
330042
330070
330214
330222
330385
330425
330498
330770
331031
331075
331104
331156
331236
331383
331425
331431
331647
331838
331929
332015
332167
332171
332393
332452
332755
333072
333134
333186
333318
333322
333407
333423
333428
333432
333442
333465
333720
333824
333903
334000
334175
334202
334207
334271
334287
334305
334351
334388
334394
334479
334693
334999
335061
335163
335344
335346
335370
335572
335580
335582
335837
336031
336227
336357
336403
336659
336766
336777
336796
336863
336884
336906
336969
337045
337132
337175
337214
337240
337310
337422
337487
337719
337937
338178
338224
338240
338284
338473
338594
338751
338767
338896
338900
338985
339117
339316
339381
339436
339531
339548
339748
339917
339925
340011
340143
340176
340382
340401
340554
340593
340670
340744
340862
340975
341069
341072
341229
341322
341368
341405
341420
341457
341610
341619
341741
341785
341790
341850
341857
342018
342088
342140
342319
342453
342584
342588
342657
342695
342724
342847
343362
343462
343517
343584
343701
343737
343775
343929
343982
344051
344104
344357
344456
344459
344612
344678
344686
344742
344743
344808
345183
345352
345400
345641
345801
345888
345983
346089
346175
346196
346244
346309
346318
346371
346546
346636
346641
346764
346818
347008
347089
347093
347215
347344
347438
347529
347644
347649
347766
347767
347797
347829
347911
347946
348052
348132
348135
348291
348312
348320
348519
348545
348638
348656
348760
348958
349047
349067
349137
349138
349182
349193
349200
349437
349795
349942
350005
350048
350610
350618
350662
350669
350816
350866
350872
350916
351079
351394
351409
351933
351938
351968
352111
352115
352232
352636
352647
352675
352734
352803
352815
352848
352864
352887
352962
353127
353154
353156
353166
353184
353328
353484
353555
353592
353619
353623
353634
353636
353739
353813
353857
353938
353964
354012
354133
354152
354330
354333
354380
354386
354395
354405
354406
354434
354481
354547
354560
354606
354667
354697
355156
355202
355204
355207
355366
355411
355510
355576
355611
355775
355884
355960
355963
356053
356084
356085
356191
356326
356527
356660
356781
356912
357026
357126
357151
357421
357560
357704
357853
357995
358253
358287
358311
358314
358547
358551
358608
358618
358708
358894
358896
358952
358962
359072
359095
359096
359109
359122
359236
359254
359279
359286
359299
359427
359429
359570
359573
359574
359642
359934
360118
360125
360227
360251
360257
360310
360368
360423
360486
360551
360609
360677
360687
360693
360700
360870
360940
361061
361235
361319
361393
361411
361494
362028
362087
362088
362089
362097
362126
362171
362233
362262
362332
362340
362523
362579
362591
362742
362757
362911
363041
363119
363148
363314
363335
363405
363602
363777
363890
364003
364005
364057
364159
364189
364310
364489
364663
364741
364821
364873
364908
365021
365028
365068
365096
365253
365283
365299
365309
365391
365583
365593
365618
365701
365811
365848
365860
365964
366071
366083
366115
366134
366152
366171
366255
366333
366357
366638
366795
366799
366845
366865
366914
367099
367108
367204
367224
367259
367292
367333
367455
367502
367589
367842
367848
367953
368037
368051
368076
368202
368209
368672
368698
368890
369143
369144
369146
369148
369149
369202
369297
369819
369823
369877
369936
370004
370067
370121
370141
370157
370246
370365
370473
370528
370594
370666
370808
370849
370897
370952
371025
371109
371161
371193
371238
371241
371303
371420
371451
371514
371664
371722
371780
371815
371824
371898
371914
372213
372246
372347
372572
372726
372728
372730
372738
372783
372800
372891
372962
373226
373663
373786
373944
374009
374301
374334
374466
374651
374767
374922
375012
375170
375416
375451
375509
375542
375742
375791
375909
376042
376221
376258
376395
376549
376804
376872
376939
377150
377362
377405
377452
377637
377662
377681
377765
377787
377843
377859
378014
378160
378315
378362
378485
378607
378723
378725
378890
379089
379111
379133
379276
379599
379666
379685
379697
379852
380022
380087
380118
380186
380379
380392
380469
380620
380667
380844
380911
380963
380988
381214
381355
381372
381380
381381
381482
381767
381994
382012
382056
382290
382384
382464
382466
382469
382480
382481
382602
382677
382689
382915
383024
383031
383033
383034
383035
383067
383089
383309
383311
383338
383379
383404
383528
383530
383547
383550
383554
383651
383683
383788
384013
384114
384122
384508
384617
384698
384766
384997
385301
385938
385941
386021
386053
386150
386219
386231
386298
386303
386451
386705
386763
386835
386853
386968
386973
387203
387417
387419
387455
387459
387470
387496
387559
387650
387713
387737
387744
387749
387801
387827
387862
388023
388045
388052
388149
388192
388289
388475
388531
388547
388579
388593
388758
389368
389401
389417
389715
389849
389868
390198
390494
390538
390580
390674
390728
390768
391051
391058
391363
391519
391529
391653
391670
391717
391750
391898
391900
391903
391937
392069
392222
392525
392569
392576
392599
392677
392699
392765
392771
392787
393006
393098
393213
393404
393495
393519
393821
393854
394051
394315
394832
394953
395018
395298
395430
395455
395575
395613
395650
395678
395680
395695
395707
395710
395855
395871
395872
395896
395929
395943
395955
396060
396116
396520
396524
396535
396537
396542
396572
396587
396717
396818
396960
397155
397288
397290
397490
397521
397552
397562
397565
397587
397658
397671
397734
398002
398025
398208
398271
398434
398445
398489
398536
398648
398655
398702
398766
398768
398925
399112
399182
399398
399615
399682
399701
399792
399887
399897
399959
400132
400136
400150
400173
400278
400427
400464
400479
400589
400610
400673
400702
400703
400781
400820
400840
400870
400943
400947
400951
400962
400990
401017
401063
401136
401195
401214
401216
401243
401383
401407
401434
401560
401710
401714
402063
402257
402341
402440
402466
402503
402504
402579
402616
402805
402871
402937
403282
403419
403505
403609
403645
403646
403647
403648
403652
403654
403657
403675
403678
403679
403862
404179
404188
404192
404194
404331
404415
404416
404439
404711
404812
404989
405029
405039
405047
405089
405113
405182
405465
405477
405522
405525
405538
405539
405540
405741
405746
405923
405959
405960
406001
406118
406261
406269
406275
406288
406427
406454
406490
406585
406869
406933
407175
407187
407244
407301
407526
407647
407792
407825
407875
407880
407923
407939
408103
408201
408268
408391
408475
408548
408612
408654
408830
408839
408870
408914
408949
408984
409090
409137
409157
409190
409197
409198
409206
409269
409296
409307
409330
409489
409544
410385
410441
410464
410473
410506
410526
410634
410645
410735
410854
410859
410991
410995
411036
411209
411279
411333
411450
411549
411644
411773
411846
411854
412057
412102
412123
412333
412354
412457
412574
412684
412795
412844
412853
412998
413028
413097
413259
413260
413416
413438
413465
413484
413492
413607
413664
413734
413973
414092
414145
414192
414224
414225
414284
414532
414554
414569
414710
414827
415010
415110
415128
415233
415255
415352
415379
415403
415416
415445
415469
415550
415584
415908
415913
415926
415964
416044
416079
416133
416147
416167
416275
416303
416395
416399
416470
416497
416523
416527
416642
416643
416701
416756
416919
416921
417012
417017
417030
417113
417116
417128
417262
417329
417773
417941
418252
418328
418414
418436
418440
418442
418557
418819
418820
418822
418836
418837
418841
418842
418845
418849
418851
418858
418940
418949
418950
418951
418952
418957
418966
418978
419018
419086
419196
419208
419315
419390
419391
419439
419449
419500
419603
419606
419611
419618
419621
419623
419625
419633
419643
419663
419666
419677
419679
419681
419774
419832
419850
419853
419898
419903
420016
420027
420057
420064
420065
420162
420208
420212
420214
420241
420244
420281
420307
420421
420424
420425
420441
420445
420449
420451
420469
420483
420525
420616
420648
420835
420893
420950
420982
420983
420990
420993
421053
421077
421114
421132
421139
421140
421146
421159
421170
421176
421193
421197
421209
421211
421212
421213
421285
421303
421341
421352
421358
421371
421375
421504
421647
421663
421676
421708
421787
421822
421855
421888
421914
421972
421985
421988
421989
421992
422009
422016
422060
422071
422089
422118
422122
422140
422151
422156
422163
422164
422170
422172
422182
422196
422203
422219
422221
422240
422242
422247
422250
422252
422256
422262
422263
422292
422298
422309
422311
422316
422325
422326
422329
422333
422335
422336
422350
422357
422358
422372
422406
422417
422418
422421
422565
422652
422683
422688
422692
422708
422715
422728
422729
422734
422777
422782
422973
422974
422982
422984
422986
422992
422993
422995
422998
423029
423037
423048
423057
423061
423068
423088
423143
423144
423153
423236
423345
423348
423351
423363
423554
423768
423777
423868
423913
424003
424087
424222
424254
424302
424349
424390
424433
424478
424650
424990
425072
425109
425203
425233
425268
425282
425378
425384
425572
425623
425624
425626
425788
425835
425875
425938
425985
426001
426020
426204
426249
426293
426357
426376
426506
426515
426517
426522
426523
426526
426548
426850
427040
427189
427274
427337
427396
428047
428326
428364
428512
428642
428801
428863
428879
428882
428942
429072
429148
429460
429652
429676
429829
430146
430223
430291
430333
430342
430615
430977
430981
430988
431328
431412
431420
431422
431841
431889
432130
432786
432916
432925
432989
433009
433044
433128
433243
433267
433311
433640
433673
434076
434093
434130
434379
434567
434673
434807
435040
435070
435102
435179
435496
435589
435702
435704
435712
435730
435733
435866
435913
435943
435977
436024
436387
436433
436444
436808
437091
437108
437113
437132
437200
437265
437583
437616
437739
437762
437841
437964
438011
438013
438070
438094
438154
438160
438237
438245
438307
438309
438311
438451
438463
438604
438739
438773
438890
439082
439350
439418
439446
439591
439914
439917
439927
439975
439979
440173
440299
440303
440316
440653
440718
440919
441058
441063
441081
441087
441088
441136
441144
441408
441485
441529
441701
441855
441899
441901
441905
441907
441910
441912
441913
441915
441916
441918
442012
442018
442272
442281
442426
442497
442680
442685
442880
442970
442972
442974
443042
443151
443333
443352
443523
443568
443838
444033
444102
444228
444307
444325
444483
444628
444663
444742
444831
444905
444919
444934
444939
444942
444944
444960
444966
444968
444969
444971
445172
445388
445511
445761
445778
445893
445981
446450
446541
446830
446854
446879
446891
447012
447076
447095
447097
447182
447186
447191
447206
447229
447240
447242
447344
447357
447382
447394
447395
447396
447618
447717
447721
447722
447723
447724
447726
447728
447729
447731
447755
447769
447773
447793
447798
447813
447821
447833
447849
447855
447857
447858
447861
447872
447884
447888
447952
447967
448019
448029
448048
448056
448059
448061
448063
448066
448069
448071
448074
448082
448084
448087
448102
448245
448381
448418
448425
448434
448455
448503
448648
448651
448680
448801
448941
448961
448997
449009
449014
449015
449069
449160
449352
449684
449706
449995
450157
450318
450320
450321
450408
450411
450421
450423
450433
450440
450445
450453
450485
450512
450515
450518
450523
450541
450606
450610
450637
450647
450783
450787
450801
450803
450838
450934
450999
451050
451095
451096
451097
451104
451142
451144
451194
451279
451287
451303
451467
451579
451613
451617
451627
451654
451674
451686
451705
451718
451753
451901
451907
451908
451913
452055
452056
452250
452341
452343
452472
453162
453282
453288
453299
453336
453747
453756
453762
453783
453796
453899
454032
454036
454133
454305
454690
454784
454918
455016
455424
455429
455460
455569
455605
455611
455690
455896
455947
455948
456011
456049
456070
456169
456255
456322
456523
456551
456554
456641
456651
456855
456894
456931
457061
457343
457415
457471
457472
457572
457651
457662
457699
457713
457781
457830
457848
457955
458032
458045
458071
458108
458213
458303
458404
458461
458474
458505
458612
458780
458784
458833
458923
458988
459120
459136
459144
459217
459341
459377
459452
459621
459792
459815
459924
460006
460045
460082
460290
460337
460378
460456
460578
460828
460829
460912
460947
461027
461059
461464
461506
461649
461774
461775
461815
461931
461981
461986
462055
462100
462347
462382
462417
462467
462479
462489
462530
462593
462652
462773
462922
462987
463011
463108
463291
463360
463478
463511
463532
463617
463708
463739
463882
464212
464261
464302
464311
464619
464737
464805
464827
464832
464900
464904
464910
464929
464975
465029
465083
465316
465324
465387
465410
465646
465673
465684
465728
465840
466042
466088
466191
466192
466202
466266
466483
466565
466569
466728
466939
467010
467012
467081
467151
467775
467859
467882
467938
467994
467996
468014
468275
468278
468513
468624
468685
468800
468904
468958
468988
469015
469036
469186
469428
469472
469473
469529
469674
469722
469770
469867
469910
469911
469923
470305
470594
470708
470713
470718
470719
470720
470821
470843
470859
471313
471315
471331
471382
471445
471469
471498
471533
471562
471714
471852
471891
471918
471925
471927
471974
471978
471986
471988
472123
472185
472228
472242
472254
472258
472388
472480
472621
472668
472689
472746
472876
472964
473353
473574
473647
473716
473729
473741
473972
474279
474344
474463
474499
474698
474714
474801
475249
475254
475330
475413
475433
475449
475589
475899
475930
475969
476047
476122
476126
476268
476565
476596
476609
476720
476807
476819
476839
476914
477033
477045
477057
477091
477106
477115
477116
477187
477266
477284
477299
477440
477467
477689
477810
477813
477982
478045
478149
478161
478179
478202
478204
478282
478706
478821
478954
479001
479216
479365
479490
479636
479700
479948
480006
480007
480009
480015
480038
480204
480268
480308
480370
480459
480461
480478
480529
480644
480646
480649
480654
480656
480661
480812
481084
481415
481564
481566
481567
481789
481877
481899
481931
482182
482189
482191
482203
482214
482221
482233
482234
482236
482241
482242
482244
482247
482257
482259
482335
482337
482352
482354
482366
482374
482377
482382
482431
482542
482548
482554
482556
482565
482631
482858
482888
482916
482919
482960
482966
482972
482975
482990
483077
483120
483215
483285
483291
483303
483381
483386
483417
483462
483468
483469
483575
483590
483620
483641
483644
483657
483685
483686
483691
483780
483784
483788
483811
483940
483964
484079
484237
484290
484310
484325
484330
484370
484371
484436
484499
484535
484575
484601
484639
484840
484922
484983
485112
485265
485311
485314
485358
485387
485510
485789
486024
486161
486352
486515
486574
486659
486672
486761
486788
486921
486938
487172
487207
487208
487276
487363
487390
487857
487998
488226
488236
488350
488448
488462
488523
488539
488604
488612
488682
488753
488760
488784
488829
488834
488848
488849
488909
488930
488931
488933
489036
489349
489430
489580
489584
489606
489608
489623
490259
490267
490345
490364
490368
490371
490373
490375
490532
490601
490798
490799
490870
491085
491277
491390
491694
491962
492005
492027
492118
492164
492181
492189
492281
492453
492456
492870
492924
493094
493198
493200
493303
493498
493602
493714
493847
493881
494001
494113
494160
494326
494481
494576
494609
494635
494711
495094
495120
495195
495322
495403
495419
495473
495498
495501
495569
495797
495809
495909
495975
495996
496022
496029
496067
496212
496244
496307
496356
496371
496380
496400
496413
496437
496455
496462
496542
496550
496552
496553
496560
496562
496577
496579
496582
496587
496597
496619
496674
496728
496736
496839
496874
496882
496885
496903
496913
496952
497090
497316
497695
497874
497891
497959
498062
498326
498537
498580
498714
498934
499047
499195
499363
499537
499727
499731
499732
499735
499930
500051
500058
500060
500062
500064
500066
500071
500095
500101
500207
500255
500774
500779
500915
501090
501753
501864
501944
502022
502509
502521
502848
503328
503345
503629
503744
503875
503902
503905
504226
504617
504630
504655
505330
505332
505675
505690
505706
505916
505920
505936
506458
506482
506600
506648
507040
507076
507112
507185
507186
507221
507253
507327
507338
507339
507489
507547
507723
507813
507961
508023
508039
508152
508217
508509
508642
508725
508780
508821
508830
508881
509097
509098
509102
509856
510276
510279
510281
510337
510522
510550
510807
510840
510883
510959
511406
511612
511749
511817
511898
511916
511957
512158
512219
512236
512270
512503
512959
512965
513108
513182
513247
513405
513434
513665
513776
513860
513965
513980
513985
513989
513999
514008
514094
514134
514213
514501
514644
514653
514821
514985
515133
515159
515189
515376
515618
515627
515689
515875
515908
516163
516182
516327
516665
516684
516713
516715
516768
516830
516850
516856
517154
517226
517285
517302
517320
517414
517419
517425
517846
517931
518049
518156
518224
518444
518500
518505
518710
519016
519137
519150
519159
519238
519254
519257
519317
519319
519339
519471
519541
519561
519589
519610
519657
519754
519755
519757
519844
519848
519870
519882
520393
520579
520714
520798
520914
520981
521086
521136
521366
521368
521375
521376
521390
521480
521507
521566
521614
521815
521849
521891
522051
522057
522058
522122
522133
522134
522165
522246
522314
522567
522592
522649
522650
522764
522769
522781
523033
523202
523333
523419
523446
523593
523769
523795
523856
523898
523904
523906
523911
523913
523936
523939
524011
524086
524104
524285
524539
524540
524623
524736
524738
524742
524864
524933
525047
525050
525087
525176
525215
525491
525607
525663
525689
525690
525693
525698
525702
525706
525709
525763
526146
526159
526215
526285
526291
526427
526491
526568
526766
526838
527030
527141
527168
527600
527608
527674
527754
527759
527765
527780
527782
527783
527784
527792
527803
527816
527818
527830
527975
527976
527980
528009
528075
528146
528263
528308
528314
528322
528323
528324
528325
528329
528330
528331
528333
528346
528352
528470
528551
528594
528769
528882
528886
528915
528977
529027
529097
529122
529139
529313
529324
529363
529409
529497
530104
530178
530253
530536
530571
530643
530652
530943
531159
531237
531344
531470
531492
531533
531618
531715
531724
531730
531807
531900
532335
532758
532795
532798
532800
532808
532809
532872
533015
533066
533130
533132
533284
533339
533351
533366
533381
533393
533469
533534
533627
533660
533674
533803
533991
534023
534478
534500
534515
534571
534601
534711
534933
535119
535123
535186
535202
535370
535488
535524
535557
535562
535657
535726
535736
535820
535849
535930
536026
536108
536289
536291
536386
536410
536467
536505
536631
536660
536766
537190
537202
537268
537610
537633
537685
537712
537715
537804
537881
537924
538123
538126
538202
538208
538250
538306
538612
538858
539005
539288
539313
539399
539517
539520
539736
539883
539937
539945
539984
540009
540020
540478
540569
540586
540746
540748
540967
541188
541485
541692
541727
541977
541988
541990
542049
542093
542104
542264
542274
542309
542580
542779
542895
543163
543188
543193
543200
543266
543286
543362
543364
543377
543393
543441
543446
543593
543785
543914
544157
544220
544275
544306
544440
544487
544530
544575
544711
544756
544761
545059
545148
545406
545449
545573
545615
545624
545655
545686
545698
545704
545829
545914
546276
546289
546292
546507
546614
546623
546625
546629
546636
546658
546664
546679
546695
546711
546762
546764
546849
547024
547034
547120
547177
547198
547530
547630
547770
547844
547845
547847
548027
548178
548228
548392
548567
548784
549083
549087
549199
549435
549476
549518
549550
549592
549618
549643
549766
549787
549975
550007
550099
550201
550208
550212
550300
550321
550337
550406
550513
550623
550718
550735
550764
551025
551058
551300
551307
551508
551619
551620
551629
551681
551894
551962
552010
552030
552058
552258
552262
552264
552265
552266
552291
552307
552375
552390
552419
552590
552737
552790
552850
552864
552940
553023
553024
553243
553261
553347
553350
553399
553403
553456
553563
553676
553889
553982
554074
554180
554311
554423
554476
554513
554570
554585
554647
554772
554793
554807
554847
554912
554922
554943
555113
555402
555407
555433
555546
555583
555645
556463
556517
556835
557026
557035
557326
557473
557570
557604
557636
557865
557932
557988
558133
558228
558234
558323
558335
558442
558556
558632
558675
559003
559017
559044
559304
559855
559934
560128
560182
560239
560463
560491
560832
560842
560894
561090
561147
561166
561258
561259
561334
561379
561466
561570
561576
561612
561679
561880
561930
562268
562494
562566
562619
562627
562908
563211
563282
563499
563543
563609
563781
563786
563949
563959
563965
563975
564025
564092
564181
564366
564394
564689
564876
565062
565073
565227
565252
565321
565373
565428
565438
565731
566022
566025
566074
566106
566136
566417
566450
566578
566611
566627
566794
566804
566993
567051
567079
567108
567130
567249
567256
567365
567512
567577
567605
567667
567691
567745
567780
567796
567861
567865
568027
568121
568265
568277
568282
568316
568407
568454
568459
568569
568634
568649
568754
568851
568856
568885
568934
568936
569040
569044
569095
569238
569446
569533
569552
569724
569838
569888
570099
570108
570114
570324
570358
570590
570627
570791
570882
571024
571031
571070
571145
571264
571284
571344
571413
571430
571625
571627
571675
571890
571931
572088
572151
572440
572446
572452
572468
572502
572609
572706
572746
573106
573262
573277
573340
573347
573475
573576
573586
573668
573785
573898
573965
573984
573987
573989
573996
574113
574127
574366
574466
575088
575146
575186
575224
575361
575415
575439
575492
575532
575539
575587
575598
575608
575719
575869
576034
576046
576174
576901
577028
577214
577485
577538
577651
577849
578041
578042
578044
578170
578171
578173
578175
578179
578180
578183
578184
578188
578190
578192
578194
578195
578203
578338
578374
578519
578531
578808
578854
579321
579388
579417
579431
579451
579828
579872
580156
580181
580254
580260
580276
580605
580627
580661
580806
580811
581392
581471
581531
582075
582358
582368
582394
582511
582514
582549
582732
582797
582883
583100
583102
583132
583169
583230
583254
583600
583745
583762
583846
583872
584043
584131
584134
584178
584466
584561
584586
584795
584819
584992
585013
585030
585053
585065
585187
585224
585246
585747
585774
585829
585830
585997
586045
586117
586134
586149
586265
586269
586358
586457
586467
586489
586499
586727
586914
586927
587039
587054
587092
587204
587303
587327
587350
587424
587483
587488
587595
587614
588258
588447
588452
588454
588456
588462
588667
588681
588708
588856
588858
588859
588860
588909
588941
589053
589200
589225
589374
589412
589512
589635
589637
589682
589683
589832
589837
589841
590155
590176
590513
590527
590593
590653
591100
591188
591262
591388
591415
591429
591536
591903
592101
592107
592138
592140
592298
592452
592530
592872
593018
593487
593580
593751
593946
593963
594400
594417
594427
594445
594544
594718
595050
595381
595383
596070
596093
596189
596199
596352
596429
596532
597181
597230
597338
597438
597603
597605
597652
597879
597970
598252
598269
598293
598312
598400
598888
599025
599037
599139
599258
599343
599404
599779
599795
599809
600040
600059
600129
600145
600184
600270
600286
600369
600936
601107
601343
601367
601419
601504
601643
601885
601966
601982
602018
602133
602288
602508
602518
602547
602551
602554
602557
602580
602924
602985
602986
603074
603222
603227
603361
603431
603485
603561
603564
603673
603746
603890
603961
603963
604160
604236
604280
604360
604653
604767
604877
604879
605336
605373
605440
605445
605635
605724
606041
606090
606204
606344
606423
606510
606563
606782
606833
606921
607183
607186
607281
607346
607356
607365
607614
607653
607693
608120
608214
608318
608333
608464
608511
608665
608723
608846
609118
609302
609323
609347
609396
609448
609499
609564
609570
609674
609687
609956
610035
610037
610039
610040
610044
610088
610174
610212
610217
610526
610542
610894
611056
611057
611067
611080
611186
611214
611258
611261
611337
611370
611379
611390
611423
611652
611722
611739
611740
611836
611922
612091
612552
612566
612635
612882
612895
612913
612961
613081
613093
613109
613422
613506
613510
613515
613689
613690
614017
614111
614429
614433
614617
614669
614696
614905
614919
614959
614965
615430
615562
615774
615895
615916
615926
615967
615982
616040
616106
616146
616185
616204
616347
616486
616584
616769
616880
616896
616984
617199
617204
617708
617842
617859
617941
618132
618151
618352
618423
618958
619043
619164
619318
619490
619515
619520
619522
619523
619525
619527
619635
620043
620251
620413
620570
620641
621164
621380
621562
621646
621681
621682
621737
621746
621829
621919
622193
622714
622836
622838
622890
622896
623056
623081
623128
623398
623545
623676
623701
623742
623781
623814
624174
624409
624413
624629
624764
625005
625237
625505
625615
625814
625979
626151
626481
626483
626510
626688
626892
626919
627128
627182
627430
627556
627661
627923
627931
628044
628142
628187
629009
629035
629043
629076
629248
629341
629380
629393
629652
629940
629976
630028
630240
630347
630369
630508
630513
630826
630947
630950
630952
631076
631228
631377
631507
631574
631732
631847
631933
632017
632096
632171
632199
632251
632314
632351
632499
632526
632656
632659
632876
632885
632973
632977
633012
633061
633275
633285
633318
633365
633463
633604
633678
633686
633802
633962
634040
634141
634170
634171
634311
634317
634341
634802
634811
634854
634894
634960
635199
635244
635511
635524
635706
636183
636232
636342
636425
636520
636559
636674
636741
636862
636893
636956
637253
637941
637946
637961
637973
637994
638114
638188
638210
638238
638328
638369
638475
638688
638718
638729
638733
638862
638894
638901
638985
638987
638988
639009
639049
639072
639482
639524
639571
639611
639698
639721
639730
639783
639798
639803
640081
640089
640090
640116
640175
640196
640203
640291
640402
640415
640420
640440
640443
640559
640701
640878
640971
641085
641212
641326
641349
641376
641548
641550
641838
641914
641928
641992
642023
642056
642062
642066
642129
642154
642155
642237
642397
642608
642646
642666
642707
642753
642863
642921
642958
642962
642966
642968
642969
642975
642984
642988
643071
643222
643260
643299
643388
643395
643467
643550
643690
643718
643760
644039
644050
644108
644124
644283
644514
644530
644686
644822
644905
644909
645006
645024
645046
645055
645062
645073
645080
645124
645230
645403
645417
645592
645836
645840
646155
646300
646454
646474
646489
646498
646502
646511
646684
646724
646823
646843
646941
647055
647068
647152
647156
647157
647186
647246
647320
647348
647354
647356
647357
647370
647378
647445
647455
647537
647710
647733
647736
647741
647829
647942
647988
648104
648171
648310
648409
648467
648498
648499
648516
648519
648523
648550
648628
648705
648738
648768
648990
649077
649087
649099
649219
649294
649426
649918
650019
650328
650346
650631
650637
650730
650766
650769
651147
651187
651188
651218
651492
651506
651675
651690
651732
651814
651852
651879
651920
652441
652476
652589
652664
652802
652854
652947
652981
652990
653051
653258
653327
653378
653384
653390
653397
653401
653407
653554
653559
653561
653573
653799
653809
653813
653814
654119
654624
654636
654695
654795
654977
655048
655058
655072
655257
655363
655435
655864
655874
656006
656202
656226
656480
656685
656751
656770
656926
656979
657107
657191
657657
657782
657877
658181
658304
658450
658520
658558
658700
658788
658810
659169
659194
659211
659313
659356
659376
659384
659514
659677
660035
660240
660589
660644
660773
660865
660881
660942
661007
661269
661294
661529
661655
661664
661709
661790
661791
661930
662018
662020
662028
662041
662065
662069
662109
662118
662310
662373
662502
662521
662726
662889
662956
663016
663143
663235
663603
663629
663633
663723
663923
663993
664032
664483
664507
664594
664681
664689
664825
665116
665209
665369
665385
665403
665524
665567
665568
665723
665779
665864
666022
666123
666479
666593
666749
666771
667154
667245
667408
667553
667655
667885
667944
668069
668072
668096
668184
668200
668360
668462
668492
668660
668794
669059
669217
669239
669409
669558
669600
669739
669930
670009
670027
670091
670263
670265
670633
670634
670635
670638
670888
671042
671063
671219
671260
671263
671269
671730
671786
671844
671997
672003
672114
672259
672437
672684
672818
672943
673268
673456
673471
673475
673829
673890
674173
674185
674250
674503
674670
674821
674852
674853
675006
675024
675054
675253
675308
675357
675359
675374
675522
675568
675581
675799
675846
676192
676285
676297
676299
676359
676435
676490
676518
676839
676840
676844
676845
676856
677135
677156
677214
677528
677569
677895
678279
678303
678489
678579
678697
678803
678828
679014
679055
679163
679384
679444
679674
679870
679915
680138
680199
680208
680615
680814
681019
681255
681300
681324
681341
681429
681577
681775
681880
682019
682052
682201
682261
682612
682660
682748
683348
683407
683701
683719
683803
683862
684047
684433
684478
684841
685076
685201
685305
685545
685548
685723
685792
685849
685850
686078
686111
686166
686170
686172
686391
686603
686818
687281
687369
687382
687424
687618
687661
687766
687886
687924
688005
688051
688146
688357
688358
688457
688532
688580
688587
688592
688616
688673
688738
688842
688927
688936
689025
689030
689481
689664
689686
689918
690006
690059
690309
690348
690417
690583
690652
690732
690746
690880
691008
691088
691143
691155
691170
691476
692063
692623
692854
692969
693281
693562
693567
693656
693675
693677
693713
694007
694061
694096
694103
694115
694124
694290
694393
694590
694649
695148
695160
695312
695583
695635
695756
695761
695962
696001
696067
696070
696123
696138
696139
696199
696408
696428
696566
696978
697374
697402
697549
697696
697840
698534
698541
698826
698852
698857
698939
698972
699075
699284
699287
699317
699620
699758
699765
699811
700091
700108
700388
700451
700570
701017
701077
701511
701776
701909
702171
702245
702400
702550
702649
702743
702746
702824
702840
702905
703258
703272
703394
703732
704269
704308
704602
704610
704851
704861
704919
704964
704991
705056
705184
705356
705385
705467
705503
705516
705791
705797
705798
705800
705801
705804
705809
705815
705912
706025
706243
706540
706581
706618
706712
706739
706853
706915
707079
707134
707459
707786
707926
708031
708034
708050
708100
708127
708143
708289
708325
708326
708327
708369
708390
708471
708516
708520
708544
708548
708599
708613
708844
708962
709039
709078
709195
709202
709412
709531
709716
709717
709901
709903
710116
710298
710304
710310
710311
710312
710313
710575
710578
710581
710736
710871
711046
711048
711227
711468
711643
711660
711848
712040
712123
712183
712188
712228
712464
712567
712745
713166
713176
713179
713204
713254
713660
713703
713924
714277
714281
714338
714567
714631
714798
714825
714838
715178
715210
715343
715417
715580
715613
715715
716072
716157
716190
716512
716681
716700
716850
716959
716995
717056
717353
717679
717712
717863
717973
718003
718017
718070
718075
718095
718114
718135
718156
718326
718337
718660
718661
718742
718762
718792
718859
719006
719018
719165
719232
719366
719374
719452
719456
719638
719665
719686
719769
719843
720046
720514
720727
721113
721139
721322
721438
721492
721636
722022
722032
722134
722301
722344
722348
722364
722374
722571
722711
722715
722730
722784
722893
723234
723359
723453
723605
723769
723771
723936
723945
724024
724152
724331
724368
724408
724597
724671
724774
724796
724843
724885
724888
725050
725140
725148
725226
725257
725323
725578
725791
725867
726207
726208
726333
726343
726546
727037
727140
727161
727170
727179
727325
727404
727501
727507
727627
727822
728045
728062
728070
728189
728236
728245
728259
728282
728291
728295
728308
728325
728386
728450
728453
728471
728552
728797
728867
728876
728888
729053
729109
729149
729225
729299
729357
729455
729565
729591
729889
729975
729999
730103
730240
730316
730339
730375
730414
730426
730625
730627
730769
730974
731103
731232
731234
731437
731459
731605
731663
731799
731818
731860
731883
732136
732138
732202
732328
732621
732726
732761
732805
732846
732889
732978
733057
733063
733137
733222
733481
733496
733517
733544
733578
733677
733820
733834
733983
733988
734081
734088
734264
734330
734341
734368
734502
734506
734507
734516
734629
734796
734875
734878
734987
735110
735273
735374
735514
735563
735595
735771
735781
735782
735951
736087
736164
736365
736369
736373
736376
736377
736511
736547
736553
736563
736585
736631
736845
736895
736899
737008
737009
737132
737241
737376
737384
737513
737515
737519
737595
737676
737815
738186
738224
738515
738725
738796
738964
739052
739058
739126
739146
739174
739291
739381
739399
739438
739443
739591
739627
739777
739960
740149
740385
740574
740614
740624
740627
740628
740653
740813
740822
740924
741021
741105
741130
741159
741583
741614
741616
741631
741670
741685
741708
741808
741914
741972
741998
742043
742059
742080
742254
742327
742492
742789
742898
742987
743030
743040
743044
743091
743176
743240
743267
743367
743394
743440
743569
744009
744038
744322
744353
744447
744549
744735
744876
745048
745058
745264
745299
745422
745429
745527
745868
745881
746038
746059
746115
746128
746283
746351
746379
746389
746464
746661
746685
746781
747013
747015
747051
747190
747232
747235
747431
747438
747444
747483
747521
747563
747571
747592
747746
747747
747817
747822
748026
748060
748187
748194
748233
748273
748286
748343
748455
748645
748694
749024
749051
749317
749396
749427
749494
749736
749992
750015
750278
750310
750363
750446
750461
750900
750923
751204
751213
751401
751494
751496
751595
751696
752031
752115
752291
752304
752309
752372
752397
752417
752429
752616
752714
752721
753248
753726
753893
753941
754005
754197
754347
754450
754777
754856
755015
755047
755064
755071
755521
756075
756106
756114
756132
756167
756194
756208
756239
756374
756426
756524
756615
756634
756681
756747
756753
757048
757100
757116
757351
757564
757686
757854
758211
758303
758510
758547
758803
758870
759198
759287
759321
759335
759345
759350
759397
759422
759430
759524
759571
759622
759644
759753
759806
759840
759917
760145
760243
760281
760289
760296
760300
760344
760522
760536
760576
760621
760747
760752
760864
760883
760891
760918
761027
761042
761066
761088
761115
761122
761163
761191
761453
761457
761556
761560
761574
761581
761603
761610
761830
761953
761987
762060
762079
762168
762230
762316
762324
762332
762424
762587
762598
762650
762812
762821
762826
762838
763019
763080
763196
763277
763278
763302
763315
763320
763563
763676
763702
763783
764215
764309
764381
764412
764414
764595
764740
764747
764750
764787
764923
764930
765126
765342
765585
765723
765797
765804
765860
765878
766008
766017
766032
766076
766148
766162
766164
766200
766309
766720
766785
767050
767089
767116
767139
767238
767251
767281
767314
767327
767526
767585
767899
767949
768334
768485
768596
768603
768673
768761
768967
769049
769286
769468
769700
769804
770010
770041
770328
770371
770375
770491
770512
770610
770623
770627
770663
770899
771040
771048
771190
771224
771264
771266
771273
771298
771381
771390
771397
771412
771416
771506
771548
771550
771775
771955
772148
772295
772297
772306
772315
772391
772403
772450
772515
772549
772614
772678
772784
772786
772948
773113
773116
773270
773303
773327
773513
773542
773615
773647
773778
773789
773797
773962
773982
774011
774149
774414
774463
774469
774559
774879
774974
774983
774985
774991
774993
774995
775180
775599
775605
775613
775857
775869
775943
776100
776487
776565
776610
776670
776718
776729
776734
776797
777048
777149
777274
777464
777484
777612
777677
777923
778214
778233
778346
778360
778412
778555
778683
778720
778784
778877
779202
779581
779747
779960
780170
780344
780348
780511
780575
780611
780721
780723
780736
780980
781619
782003
782219
782465
782480
782533
782575
782663
782676
782700
782727
783113
783208
783332
783529
783572
783674
783701
783960
784281
784827
785012
785086
785130
785145
785625
785664
785707
785736
785802
785912
786075
786087
786170
786199
786535
786742
786848
787556
787691
787707
787732
787796
787806
787908
788195
788334
788422
788501
788752
788929
789617
789622
789675
789765
789859
790034
790146
790197
790252
790602
791038
791375
791392
791452
791570
791597
791655
791907
791908
791909
792009
792087
792198
792327
792672
792677
792678
792857
792916
792934
792995
793000
793081
793145
793287
793318
793385
793481
793711
794094
794141
794236
794362
794424
794738
794905
794909
794994
795390
795522
795615
795936
795939
795952
795957
795962
795987
796002
796010
796017
796050
796057
796271
796278
796284
796307
796400
796401
796412
796585
796856
797006
797013
797047
797555
797565
797888
797891
797924
797928
797932
797935
797937
798016
798130
798409
798530
798626
798646
798652
798761
798789
798894
799088
799177
799369
799427
799483
799493
799534
799600
799668
799757
799962
800088
800112
800334
800410
800540
800690
800696
800774
800989
801086
801102
801151
801175
801380
801466
801488
801727
801824
802157
802321
802483
802755
802766
802859
802860
802862
802870
803138
803145
803204
803302
803377
803561
803636
803637
803758
803878
804042
804118
804304
804614
804711
804852
805061
805063
805116
805124
805201
805347
805445
805458
805739
805758
805765
805929
806166
806187
806190
806191
806209
806245
806554
806583
806617
806787
806953
807078
807243
807272
807309
807369
807858
808050
808433
808801
809049
809306
809379
809489
809519
809698
809872
810260
810470
810593
810714
810760
810960
811072
811110
811134
811286
811337
811382
811549
811626
811748
811753
811782
811853
811907
811935
812074
812323
812488
812618
812657
812670
812788
812923
813244
813313
813400
813406
813408
813624
813678
813865
814019
814095
814103
814106
814112
814242
814244
814252
814255
814261
814264
814266
814321
814324
814326
814331
814609
814852
815315
815609
816184
816220
816360
816371
816492
816535
816542
816545
816606
816607
816869
817177
817480
817580
817688
817793
817799
817814
817836
818233
818480
818747
818843
818859
818878
818883
819401
819738
820098
820626
820633
820710
820758
820940
821094
821357
821388
821425
821428
821557
821669
821901
821991
822327
822332
822348
822419
822473
822519
822687
822781
822821
822945
823096
823119
823439
823617
823887
824020
824052
824059
824060
824062
824070
824199
824360
824367
824497
824559
824577
824641
825105
825218
825305
825313
825344
825351
825376
825751
825893
826093
826099
826118
826335
826372
826374
826404
826429
826617
827180
827590
827688
827750
828143
828481
828498
828544
828784
828799
829023
829026
829028
829091
829317
829342
829409
829429
829490
829613
829643
829698
829726
830358
830420
830696
830822
831028
831134
831480
831543
831600
831710
831741
831772
831791
831811
831833
831836
831853
832167
832185
832353
832397
832471
832713
832716
833027
833033
833215
833339
833404
833677
833774
834423
834437
834511
834804
835089
835092
835159
835213
835294
835872
835879
835951
836294
836303
836304
836311
836519
836525
836979
837121
837181
837275
837324
837372
837751
837759
838241
838427
838461
838471
838474
838591
838609
838616
838618
838808
838888
838941
838993
839200
839476
839598
839599
839612
839828
839900
839991
840239
840301
840302
840304
840305
840309
840314
840315
840316
840320
840321
840324
840325
840327
840328
840334
840526
840538
840572
840603
840986
841171
841298
841584
841742
841891
841935
841943
841945
842033
842052
842241
842276
842455
842682
842938
843152
843186
843290
843314
843338
843450
843906
843947
844069
844202
844386
845154
845407
845509
845551
845584
845669
845785
845826
846004
846013
846017
846094
846786
846796
846807
846818
846848
846867
846974
847136
847329
847513
847802
848058
848235
848303
848483
848487
848553
848565
848589
848826
848982
849019
849046
849250
849255
849265
849268
849269
849284
849306
849332
849564
849585
849628
849670
849685
849736
849903
850236
850511
850683
850791
850803
850805
850875
850916
850918
850938
851031
851085
851345
851382
851429
851478
851498
851499
851500
851501
851502
851504
851506
851507
851508
851509
851513
851549
851551
851552
851553
851555
851556
851557
851558
851559
851560
851561
851562
851563
851564
851565
851567
851568
851569
851570
851615
851617
851618
851635
851636
851685
851742
851744
851745
851770
851881
851885
852031
852047
852182
852262
852335
852437
852438
852683
852725
852830
853206
853344
853452
853813
853904
853944
853979
854006
854047
854196
854318
854335
854341
854344
854400
854419
854519
854525
854526
854969
855149
855409
855412
855433
855444
855466
855814
855962
855983
856051
856081
856474
856476
856613
856793
856990
857006
857207
857246
857250
857266
857403
857726
857954
858043
858064
858073
858096
858135
858287
858478
858655
858666
859417
859687
859862
859901
860488
860607
860658
861035
861095
861452
861561
861717
861749
861783
861818
861883
861886
861925
861977
862031
862453
862495
862817
863049
863177
863423
863543
863546
863563
863592
863762
863839
863851
863869
863874
864201
864370
864403
864407
864531
864583
864685
864947
865356
865443
865502
865540
865549
865615
865628
865630
865636
865665
866337
866343
866672
866728
868537
868659
868723
869051
869066
869089
869128
869378
869399
869526
869629
869663
869666
869720
869915
869965
870096
870186
870189
870448
870493
870914
870929
870994
871132
871156
871173
871602
871690
871766
871832
871874
871895
871964
871993
872185
872466
872470
872524
872715
872749
872751
872800
872848
872872
872980
873045
873431
873620
874051
874167
874305
874537
874565
874671
874806
874807
874808
874809
874837
874924
874995
875122
875425
875522
875632
875799
875993
876045
876120
876132
876158
876174
876201
876207
876235
876239
876355
876411
876573
876656
876728
876874
876920
877255
877260
877267
877324
877495
877600
877621
877813
877832
877933
878032
878127
878321
878342
878759
878836
879303
879442
879803
879909
879953
879986
880032
880255
880258
880260
880267
880272
880305
880322
880326
880327
880347
880561
880615
880780
880786
880891
881099
881194
881260
881262
881494
881573
881597
881906
882071
882108
882135
882145
882149
882185
882225
882405
882413
882423
882535
882574
883057
883076
883083
883349
883685
884013
884231
884490
884714
884751
884825
884932
885003
885025
885153
885177
885615
885831
886122
886136
886440
886489
886511
886844
886871
887022
887093
887309
887566
887636
887751
887790
887876
888001
888027
888315
888392
888414
888561
889095
889278
889445
889467
889569
889580
889616
889730
889791
889848
889874
889995
890325
890505
890513
890574
890615
890967
890991
891277
891484
891487
891761
891811
891961
892121
892132
892150
892285
892430
892469
892620
892663
892667
892671
892729
892743
892758
892866
893028
893320
893335
893347
893370
893377
893387
893422
893439
893457
893472
893770
893866
893910
893955
894011
894206
894469
894525
894631
894703
894733
894742
894754
894774
894821
894989
895001
895039
895062
895181
895279
895474
895500
895735
895744
895990
896320
896386
896387
896388
896893
896933
896952
896957
896959
897077
897322
897361
897496
897605
897675
897791
898425
898581
898627
899057
899123
899436
899870
899960
900052
900054
900057
900241
900272
900274
900281
900287
900289
900296
900308
900382
900384
900537
900553
900747
900803
900821
900831
900837
901149
901383
901481
901518
901525
901526
901561
902987
903021
903388
903536
903537
903539
903730
903967
904008
904009
904011
904013
904024
904140
904267
904319
904324
904356
904678
905004
905020
906250
908316
910494
910731
910802
910838
910853
911056
911078
911145
911229
911317
911354
911357
911361
911694
911700
911708
911711
911723
911731
911738
911748
911897
911912
911977
912049
912109
912149
912160
912165
912293
912307
912367
912373
912375
912644
912735
912791
912872
912953
913020
913021
913024
913027
913033
913038
913154
913343
913520
913761
913772
914036
914088
914162
914308
914634
914752
914783
915229
915297
915601
915730
915864
916084
916142
916351
916677
917347
917597
917717
918035
918054
918457
918489
918820
918839
919335
919340
919486
919624
919670
919683
919777
919969
920048
920127
920229
920390
920843
921022
921033
921181
921380
921442
921443
921451
921460
921467
921469
921504
921509
921511
921630
921811
921884
921935
921967
922324
922404
922472
922676
922872
922987
923612
923698
923709
924188
924423
924642
924762
924806
924961
924975
924985
925119
925163
925219
925420
925548
925786
925802
925836
925931
926200
926318
926355
926370
926429
926494
926505
926603
926899
926980
926981
927054
927207
927409
927412
927526
927742
927752
927759
927795
927848
927866
927938
927969
928162
928274
928278
928313
928317
928346
928351
928503
928521
928529
928647
928782
928811
928943
929226
929363
929387
929799
930034
930089
930248
930292
930384
930569
930573
930603
930792
930888
930991
931220
931329
931341
931367
931463
931894
931896
931954
931985
932147
932224
933246
933340
933375
933415
933464
933940
934659
934709
934734
934753
934812
934825
935039
935310
935399
935413
935435
935468
935983
936092
936165
936167
936170
936214
936380
936399
936665
936694
936719
937486
937617
937710
937743
937763
937986
938038
938065
938133
938300
938600
938945
938946
939555
939566
939655
939813
939819
939823
939839
939879
940128
940243
940417
940617
940620
941011
941023
941086
941189
941343
941523
941558
942012
942110
942165
942367
942376
942389
942431
942596
942820
943064
943221
943236
943249
943318
943348
943580
943662
943677
943719
943836
943938
943943
944129
944184
944270
944383
945329
945345
945423
945699
945986
946548
946549
946563
947043
947061
947075
947077
947233
947283
947311
947346
947514
947522
947775
947890
948013
948082
948092
948355
948453
949384
949909
950030
950100
950258
950282
950307
950436
950735
950765
950926
950950
951714
952024
952168
952174
952177
952184
952187
952190
952195
952207
952277
952365
952738
952739
954019
954406
954551
954600
954615
954658
954758
954787
954840
954841
954848
954911
955066
955242
955259
955293
955466
955539
955569
955672
956111
956121
956824
957108
957154
957575
957681
958558
958590
958721
958900
958918
959307
959439
959558
959595
959959
959993
960208
960406
960522
960525
960541
960562
960629
960678
960737
960875
960932
960941
960986
961020
961081
961199
961295
961359
961547
961549
961554
961560
961566
961601
961652
961674
961765
962428
962483
962522
962582
962755
962905
963228
963818
963823
963824
963852
963862
964076
964250
964299
964370
964425
964622
964735
964825
965164
965618
965620
965625
965888
966031
966046
966142
966336
966461
966572
966695
966708
966711
966864
967020
967432
967530
967560
967633
967672
967799
967810
967814
967816
967823
967905
967955
967980
967998
968122
968202
968240
968288
968409
968411
968416
968625
968785
968949
969081
969412
969694
969938
970056
970155
970177
970570
970573
971237
971252
971609
972152
972156
972440
972672
973031
973120
973539
973792
974032
974169
974306
974558
974572
974612
974728
974927
974953
975255
975759
975928
976027
976121
976455
976553
976767
976988
977004
977034
977295
977500
977518
977542
977758
977864
977886
977923
978070
978574
978599
978766
978792
978913
978941
978958
979014
979183
979257
979279
979541
979853
979980
980702
980711
980792
981361
981827
981872
982092
982112
982462
982494
982509
982563
982622
982678
982778
982876
982960
983034
983255
983341
983526
983706
984114
984359
984422
984466
984761
984826
984982
985402
985502
985561
985565
985731
985735
985736
985739
985741
985743
985763
985794
985799
985922
985927
986141
986263
986377
986398
986427
986501
986541
986615
986915
987153
987180
987203
987324
987538
987546
987577
987901
987975
988194
988208
988253
988409
988619
988624
988628
988703
988721
988769
988785
988803
988807
988813
988900
988922
988984
988992
988995
989002
989253
989412
989417
989420
989432
989438
989456
989465
989467
989471
989483
989492
989499
989501
989503
989506
989513
989526
989527
989530
989535
989539
989548
989554
989558
989562
989567
989573
989587
989590
989626
989632
989658
989663
989726
989801
989932
989938
990192
990263
990418
990420
990471
990493
990663
990695
990786
990829
990973
991182
991215
991538
991544
991814
991953
992165
992226
992287
992694
992761
992877
992973
993119
993293
994016
994128
994281
994434
994439
994633
994643
994647
994773
995129
995226
995271
995282
995449
995737
995842
995857
995874
995919
995959
996067
996327
996409
996425
996827
997476
997546
997708
997727
997816
997872
998054
998102
998116
998124
998275
998445
998482
998612
999040
999114
999287
999382
999669
999722
999747
999827
999855
999929
999943
1000117
1000322
1000562
1000589
1000624
1000724
1001011
1001099
1001104
1001116
1001126
1001130
1001132
1001142
1001297
1001384
1001654
1002007
1002146
1002748
1003222
1003243
1003465
1003471
1003710
1003870
1003992
1004171
1004297
1004580
1005007
1005185
1005501
1005616
1005789
1005804
1005828
1005854
1006238
1006415
1006514
1006679
1006760
1006839
1006944
1006979
1006993
1007395
1007462
1007610
1007647
1008130
1008161
1008225
1008285
1008317
1008466
1008564
1008637
1008734
1008745
1008926
1009151
1009396
1009794
1009802
1010063
1010080
1010182
1010397
1010485
1010495
1011009
1011034
1011863
1011865
1011984
1012007
1012014
1012017
1012198
1012238
1012362
1012520
1012610
1012786
1012824
1012826
1012840
1012847
1012853
1012859
1012953
1013117
1013132
1013356
1013720
1013774
1013928
1013993
1014226
1014234
1014237
1014242
1014430
1014436
1014437
1014511
1014601
1014806
1015126
1015327
1015493
1015505
1015721
1015824
1015845
1016129
1016322
1016404
1016406
1016430
1016500
1016642
1016647
1016818
1017089
1017114
1017246
1017338
1017539
1017621
1017634
1017732
1017823
1017829
1017856
1017858
1018031
1018063
1018510
1018539
1019170
1019210
1019335
1019517
1019556
1019620
1019868
1019912
1019917
1019984
1020190
1020402
1020730
1020830
1020870
1020917
1020999
1021541
1021591
1021689
1021742
1021798
1021937
1021950
1021975
1021978
1021989
1021991
1022010
1022013
1022014
1022015
1022021
1022022
1022082
1022329
1022613
1022778
1022819
1022887
1022903
1023008
1023156
1023184
1023262
1023313
1023371
1023394
1023467
1023568
1023600
1023656
1023660
1023673
1023716
1023717
1023724
1023727
1023735
1023748
1023776
1023783
1023786
1023788
1023947
1024073
1024207
1024411
1024626
1024642
1024794
1024798
1025032
1025074
1025146
1025175
1025190
1025487
1025796
1025800
1025853
1025894
1026480
1026492
1026563
1026726
1026739
1026743
1026836
1027296
1027409
1027448
1027464
1027535
1027623
1027631
1027665
1027819
1027969
1028098
1028140
1028212
1028243
1028339
1028710
1028871
1028882
1028909
1028998
1029031
1029239
1029452
1029480
1029519
1029872
1030047
1030249
1030276
1030294
1030308
1030320
1030339
1030512
1030568
1030658
1030663
1030699
1030702
1030705
1030916
1030931
1030962
1031001
1031035
1031077
1031087
1031127
1031216
1031552
1031801
1032108
1032185
1032212
1032339
1032371
1032403
1032609
1032641
1032890
1033095
1039767
1041752
1044417
1048494
1053563
1061456
1065683
1066979
1068552
1078743
1083929
1084456
1087726
1100203
1100782
1101501
1101956
1102067
1106239
1108590
1111627
1114117
1115709
1119269
1120277
1121020
1121059
1123677
1126533
1128252
1129494
1130187
1133838
1135080
1135088
1136482
1136518
1139261
1140884
1141826
1142026
1142275
1143211
1143342
1143761
1145817
1147096
1147140
1148775
1154682
1155945
1158484
1158580
1160100
1160102
1160200
1160574
1161049
1161622
1162130
1167056
1167386
1168413
1175668
1176130
1177513
1182443
1184223
1184971
1185919
1185923
1185995
1186459
1186894
1187072
1188181
1189352
1190183
1195107
1196034
1196939
1198277
1198797
1199820
1204312
1204821
1205229
1205732
1205961
1206723
1206731
1209813
1211305
1211532
1211577
1212712
1214941
1214952
1215204
1217167
1217191
1220207
1221108
1221473
1221968
1224146
1224369
1226270
1229247
1229915
1231965
1234776
1234796
1237983
1238833
1239771
1240814
1241608
1241903
1241906
1242212
1242217
1242221
1242249
1244933
1246798
1252756
1252843
1257772
1259260
1259263
1259281
1259425
1259436
1259727
1260013
1260040
1261399
1261861
1264155
1264326
1264427
1266485
1266952
1267802
1267823
1267845
1272634
1272713
1272828
1272922
1273266
1273318
1273393
1273434
1273453
1274978
1275549
1276326
1277287
1277446
1278464
1279036
1279282
1279579
1279985
1280064
1280070
1280289
1280696
1280704
1280711
1280723
1280724
1280787
1280789
1281063
1281146
1281511
1281515
1281540
1281582
1281585
1281629
1281634
1281751
1282069
1282176
1282179
1282207
1282359
1282970
1283033
1283051
1283054
1283409
1283502
1284043
1284098
1285518
1286608
1287031
1287774
1290565
1290572
1290973
1290975
1291001
1291247
1291984
1293077
1293236
1293448
1294355
1298892
1299094
1300533
1301111
1301114
1301158
1301162
1303393
1303501
1304762
1306275
1306638
1307021
1307434
1309050
1309115
1309625
1311888
1311970
1311988
1312013
1312023
1312024
1312396
1312402
1312412
1312425
1312432
1312440
1312454
1312892
1313326
1314080
1315750
1317033
1317569
1317611
1318215
1320357
1320467
1320643
1320934
1322819
1322944
1323216
1325403
1325655
1326030
1326034
1326829
1328618
1328990
1329030
1330667
1333078
1337905
1338301
1338302
1338497
1338877
1339258
1339562
1339760
1340176
1340317
1340731
1340837
1341327
1342177
1352152
1352374
1353012
1353610
1353815
1354464
1354627
1354803
1354816
1354840
1355654
1355763
1355841
1356772
1356774
1356794
1356823
1356922
1357777
1358411
1359013
1359023
1361372
1361710
1362527
1362905
1363036
1363058
1363475
1364407
1365293
1365428
1366236
1366238
1366955
1366967
1367245
1367441
1368114
1368125
1370429
1371172
1371654
1372678
1372978
1373122
1374469
1374642
1375482
1376391
1376636
1376661
1377655
1378417
1378621
1379113
1379526
1379557
1379693
1379745
1380423
1380496
1380827
1380879
1380907
1381143
1381222
1381225
1381323
1381334
1381413
1381656
1381671
1381677
1382220
1382553
1382888
1383178
1383192
1383197
1383207
1383208
1383337
1383345
1383353
1383795
1383816
1383834
1383841
1384302
1384504
1385312
1385913
1387011
1387599
1387617
1388574
1388595
1392146
1394178
1397120
1397220
1399589
1400656
1401904
1401939
1403272
1405163
1405586
1405639
1406614
1406905
1407582
1410935
1411189
1414243
1416036
1416951
1419440
1423775
1427046
1428191
1431002
1432538
1433466
1433722
1433808
1433901
1433913
1434351
1435878
1436573
1437479
1438494
1439604
1439954
1439960
1439963
1439989
1440265
1440859
1441718
1441786
1442787
1442994
1442999
1443485
1444172
1445585
1446783
1447063
1449117
1450816
1451311
1451543
1451624
1453953
1455996
1456224
1456370
1458309
1458713
1459576
1460668
1461469
1463102
1465136
1466169
1466796
1467634
1472268
1474412
1474492
1474891
1475187
1475511
1475721
1477741
1481724
1482103
1483251
1483428
1483948
1487673
1488091
1489732
1489748
1489860
1489898
1492616
1492769
1496388
1496506
1497301
1497397
1498070
1498769
1499057
1499466
1500788
1503667
1503967
1504640
1504643
1504677
1504881
1504938
1504985
1505018
1505130
1505366
1505508
1506139
1506815
1506869
1507800
1510606
1511693
1514776
1515317
1515907
1517624
1517731
1518345
1520220
1520948
1521457
1521514
1522353
1527778
1528067
1529051
1529547
1529610
1529805
1532507
1532785
1533362
1533647
1533699
1533720
1536129
1536463
1541524
1541733
1545239
1545634
1546391
1547508
1549840
1552284
1554179
1554431
1556191
1556596
1557152
1557174
1557180
1558260
1558954
1560511
1560837
1561836
1563276
1563686
1564011
1564035
1564795
1565062
1565063
1565094
1565546
1565582
1566928
1567076
1567813
1568423
1569660
1569993
1570088
1570767
1570839
1570918
1571896
1572012
1572968
1573074
1575908
1579657
1581555
1582678
1583838
1585666
1587651
1590739
1590988
1591621
1591991
1592338
1595058
1595837
1595934
1595961
1596403
1597361
1599541
1600989
1601645
1601708
1601881
1602715
1603318
1603932
1607008
1608713
1608758
1610073
1612509
1615343
1615350
1615364
1618558
1621268
1621275
1621287
1621299
1621834
1638917
1639289
1646412
1646816
1652916
1653570
1654112
1655187
1657579
1658630
1658701
1659141
1659312
1659900
1660698
1660916
1660920
1662483
1663019
1664951
1671392
1674269
1676459
1692997
1694567
1694793
1697487
1705580
1705880
1705966
1709339
1711159
1714149
1714225
1715270
1720042
1722932
1723896
1726817
1728378
1730565
1731196
1735776
