523
827
1663
1876
2993
3477
5846
10086
10444
11482
11717
12903
15742
17278
19963
22899
24745
25976
26499
27057
27436
27559
27692
27753
27891
28642
29140
29226
29482
29496
29566
29707
29789
29816
30052
30872
32297
32352
34659
34686
36918
37110
38741
38841
39390
39493
39863
39885
39985
40125
40357
40976
42870
42903
43592
44194
44886
45397
46078
47519
48570
48626
48628
48630
48631
48632
50113
50122
50387
50432
50515
52388
52720
53986
55042
56328
56566
56815
57270
60160
62574
63032
64305
64450
64664
65001
65514
65639
65833
66039
67767
69594
70128
70538
71305
72558
73306
75006
75338
79322
79758
80067
80662
81217
82791
83014
84004
85259
87419
88879
90196
92731
94161
98226
99306
99530
99642
100122
101611
102309
102312
104969
105004
105079
105398
105927
106648
106752
107983
109105
115147
115845
116732
120884
126278
126280
127645
128759
129096
129278
131674
131871
143281
143377
145623
146287
146368
146800
147812
148322
153270
153383
154524
154895
166092
166916
167522
172654
175385
176524
178858
179130
179344
179358
179548
186296
190250
197201
197817
198762
201838
205383
211862
212286
212839
213646
214209
217982
218738
220648
223055
224756
225294
226603
227173
227534
227692
230008
231300
231430
231528
231683
231707
235788
238718
240585
242493
243996
245529
245992
249235
249245
249491
250629
250739
250747
250786
250866
250884
255515
255848
255991
256952
257309
257904
259464
259512
260804
260805
260811
260915
264397
264466
266219
268157
269857
270176
270314
270398
270424
270894
272617
272625
273060
274449
274804
275039
275613
277774
279928
280387
280887
280931
281044
281657
282776
283009
283548
284995
285067
285104
286387
287258
292106
292239
293360
294844
294966
295215
295427
297768
298487
299768
300980
304366
306696
308129
308250
310921
311676
314431
315125
315585
317979
318356
318631
321704
321705
321725
322009
322036
322043
322497
322574
325338
327533
327767
328688
330222
332171
333423
333428
333432
334207
334271
334999
336031
336863
337240
337937
339748
341610
341619
341857
342584
342724
343517
344051
344678
346546
346636
347008
347829
348519
348638
350618
350866
350872
353184
353328
353739
353938
354330
354333
354380
354395
354406
354560
355960
356781
357704
358311
358618
359072
360227
360368
360693
361393
362087
362088
362742
363119
364005
364741
365021
365583
366115
366134
366152
368698
370141
371025
372572
372726
372728
372730
372738
377405
379111
379133
380022
380469
382677
384122
384698
385941
386150
386231
386705
386763
386853
386968
387470
388052
388579
392069
392525
392576
392677
392765
392787
393098
395430
395650
395680
396537
396542
398002
398536
398648
399112
399398
400781
400870
401063
401407
402805
403505
405540
407923
408201
408830
409307
410385
410473
410854
410859
411846
413097
414092
415469
415550
415926
416044
416303
416395
416919
416921
417017
418252
418328
418557
419086
419774
419832
421676
422172
422221
422242
422777
423363
425203
425268
425282
426357
426506
426515
426517
426522
426523
426526
427396
428047
428326
429148
430146
431420
431422
433044
434093
435866
436808
438309
439975
441081
441087
441088
443333
444905
444934
444939
444944
444960
444966
444968
444969
444971
446879
447076
447186
447888
450408
450433
451142
451705
461059
462652
462987
463360
465646
467151
471891
472254
473647
475899
476122
476268
477982
478706
481084
482244
483686
484330
485314
490870
494576
496552
497874
511406
511898
513965
514134
515689
516327
519016
519561
519755
519848
524104
526146
528075
528322
528324
528325
537268
538208
547630
548228
550300
550718
552058
552262
552264
552265
552266
552291
553456
557026
560463
563786
566450
568027
569888
570324
570358
575186
575598
577485
580181
582511
583230
591262
601107
608511
609347
611258
611261
611337
613081
613422
615895
619318
623781
629940
629976
633365
634960
636183
636674
636893
638901
638988
639571
639721
640090
642966
642968
642988
643718
647354
647710
648467
649087
649219
653397
655058
655072
658450
658810
660773
663235
664681
664689
665779
668462
668492
669600
670009
671219
671730
671997
672114
673268
673475
675522
676192
676285
676297
676299
676839
677569
679014
679870
680814
682660
683803
684478
685545
687281
687661
688005
688051
688532
688936
689664
690746
693656
696139
698826
698972
699317
702649
705516
705912
707786
708844
710304
710310
710312
710313
711046
711048
711468
711660
712183
712188
715178
718742
719638
719686
722374
722571
727501
727627
728236
728876
729975
731103
733517
734088
734341
734516
735563
737515
738796
740149
740385
741021
741159
741808
742987
745264
745422
747444
748273
752291
752309
753726
754777
755521
757100
757564
758870
762060
762598
765126
772614
772948
773270
773327
773647
773982
775605
776729
778877
781619
782700
783208
787732
791038
793385
794909
795936
795987
798130
801175
802321
802766
804304
804852
806190
807078
808433
811134
813624
817814
824360
825305
826099
828498
829613
831600
831741
831833
832167
832185
832353
832397
833677
834437
835872
836303
836525
837759
838241
838474
839599
842455
842938
843338
843906
844202
845584
846004
846013
849736
851635
851636
851685
853979
855433
857246
857250
862495
869915
870189
870448
870914
872524
874924
875122
876132
876201
879442
879953
880327
880891
881194
881262
881597
882423
884932
886871
887876
889095
889467
890574
892150
893028
894733
897791
902987
904140
911229
911317
911708
911711
912160
913343
914634
915864
917347
917597
918457
918489
920390
921380
921442
922324
924806
924961
926603
927848
928313
928317
928647
931896
934734
935468
935983
936092
937710
943662
944184
944270
947233
947283
947311
947775
948453
954406
954600
954841
958590
959307
959595
960208
960678
961601
963862
964425
967672
968409
968411
968416
968949
969694
969938
970056
972440
973539
974032
974306
974612
976455
977500
977923
978070
978599
978792
978913
981361
982462
982622
982778
983034
984982
986615
988409
988922
989253
989663
989801
990192
991182
991215
991953
992165
992694
992973
993119
995282
995737
995842
995857
995959
996327
997546
997727
998102
999855
1000589
1001011
1001116
1002146
1006679
1006839
1009151
1009794
1010080
1012824
1012826
1012840
1012847
1012853
1012859
1012953
1014436
1015126
1015327
1015721
1016322
1017089
1017246
1017829
1019170
1019868
1020190
1021689
1023262
1023467
1023716
1023724
1023947
1024207
1024642
1025796
1025800
1027409
1027623
1027665
1027969
1028140
1028243
1028882
1028909
1028998
1029239
1030294
1030705
1030931
1031001
1032890
1033095
1039767
1041752
1044417
1053563
1065683
1084456
1115709
1123677
1130187
1135080
1135088
1142026
1147096
1162130
1168413
1175668
1184971
1185995
1187072
1206723
1234796
1239771
1246798
1259260
1259281
1259425
1259436
1261399
1264155
1272634
1272713
1272828
1272922
1273266
1273318
1273434
1273453
1275549
1277287
1278464
1279036
1279282
1279579
1279985
1280696
1280704
1280711
1280723
1280724
1280787
1280789
1281063
1281146
1281511
1281515
1281540
1281582
1281585
1281629
1281634
1281751
1282176
1282179
1282359
1282970
1283033
1283051
1283054
1283409
1283502
1284043
1284098
1286608
1287031
1290565
1290572
1290973
1290975
1291001
1293236
1294355
1301111
1301114
1301158
1301162
1303393
1303501
1311888
1311970
1311988
1312013
1312023
1312024
1312396
1312402
1312412
1312425
1312432
1312440
1312892
1315750
1320643
1322944
1328990
1329030
1338877
1339258
1340176
1340731
1340837
1341327
1354816
1356772
1356774
1356794
1356823
1359013
1359023
1361372
1362527
1363058
1365428
1366955
1366967
1368114
1370429
1372978
1375482
1376391
1376636
1376661
1377655
1380423
1380827
1380879
1381222
1381225
1381323
1381334
1381656
1381671
1381677
1382220
1382888
1383337
1383345
1383353
1383795
1383816
1383834
1383841
1384302
1385913
1387599
1387617
1388574
1388595
1392146
1394178
1401939
1405586
1405639
1416951
1433901
1433913
1435878
1439954
1439960
1439963
1439989
1442999
1450816
1451311
1465136
1467634
1489898
1504938
1506139
1521457
1521514
1557152
1557174
1557180
1558954
1565062
1565063
1565094
1567076
1570088
1570767
1591991
1618558
1621268
1621275
1621287
1621299
1621834
1646816
1652916
1655187
1658701
1659141
1659900
1671392
1705580
1705880
1714225
1720042
1726817
