484509
1261561
362776
26921
212973
48800
35073
836924
3104
64524
77399
30833
399172
1015482
10283
88410
86687
336254
36992
43274
15056
23532
31012
45551
156252
743757
11908
28265
28419
53553
77050
278267
165078
225048
233194
286452
300156
302019
387034
491649
505063
547055
636515
653537
772603
974046
976209
77677
94910
207475
259675
343674
356486
384756
472015
487439
682809
748251
861413
940187
972244
748589
796250
802851
854417
863406
918096
931049
1022479
1083119
1125186
1193824
1289969
1298819
1307154
1375109
1397562
1441287
1443966
1475231
1718150
652004
931940
949486
988142
1085262
1148920
1229586
1273536
1294319
1346645
1351896
1363776
1379480
1405670
1463113
1483020
1483743
1541944
1578643
