4230
27823
29711
69958
77851
95698
101364
120913
130016
139791
150906
152032
161852
166544
199105
211238
212858
213130
223051
225498
230004
232022
255789
274257
284309
285156
287650
288275
294949
295220
295806
295974
300608
308131
309068
315123
330317
330946
332764
332769
333347
333395
334715
335220
335772
341733
346346
347679
348761
348924
352823
353038
353862
353940
363459
364308
364400
364759
366096
366296
377567
379098
382275
386867
392048
393148
395380
396822
397167
404193
404963
405205
406717
412273
417025
419777
420773
422427
423658
424031
424594
429021
431215
436118
437931
438470
445671
460876
467438
494618
502923
522806
554075
563085
567501
577919
606638
632205
659788
676735
689132
697404
699633
716472
724484
732675
733638
738583
740686
743305
744405
744442
746173
751197
752473
752763
754905
757707
765847
766506
784577
785148
785154
785160
809645
811734
813852
814895
815072
823849
825741
842135
845020
852766
854746
860721
878413
880557
880650
883316
884996
887347
888997
896192
898349
928119
949942
951571
977073
977683
998395
1007132
1007147
1010429
1015309
1022947
1027816
1043925
1048352
1050643
1058085
1061417
1070006
1101146
1101194
1102815
1107774
1119808
1130450
1130453
1130458
1135261
1135868
1151186
1172776
1188962
1190496
1206636
1244132
1252059
1253363
1255326
1267034
1270485
1273341
1273521
1273556
1274771
1274792
1274809
1274813
1275700
1277577
1280702
1284274
1290366
1292555
1301696
1304712
1306667
1309181
1312473
1312576
1313960
1315514
1316210
1317055
1317068
1317081
1317083
1318302
1321229
1321903
1331261
1331275
1339547
1341983
1354755
1356797
1363016
1365986
1367656
1369198
1369581
1369835
1369837
1370231
1371840
1371856
1371999
1372001
1372013
1372016
1372145
1372917
1376362
1389998
1390252
1391185
1394555
1404680
1407761
1408859
1408864
1409390
1415142
1422967
1423805
1425316
1427561
1433235
1434503
1435889
1440272
1456113
1477352
1477442
1479157
1488712
1507997
1514108
1532880
1541406
1544453
1544463
1550319
1551635
1554959
1557852
1575865
1579593
1579598
1581602
1588207
1590984
1610805
1635622
1637612
1637919
1646710
1653857
1654295
1655131
1655140
1656697
1659270
1659749
1660589
1661612
1661620
1662060
1662763
1665593
1667983
1669295
1691730
1695945
1701101
1701236
1714737
1726033
1726191
1733835
