320380
664862
948056
981608
510733
851308
27512
1080723
862538
918940
330169
337184
595631
466929
580441
330173
852093
1351825
482503
1266520
1018799
1018804
1210358
116875
315094
252429
913062
329711
415632
276748
195328
403598
451055
258453
436328
582888
383696
558504
167556
346043
399021
30990
92418
193476
463646
316979
256012
372358
752001
522297
776486
84989
280573
432730
546217
851025
213213
225454
697181
711629
224645
426217
695256
104534
224014
310843
443338
446862
482591
548307
758511
129298
306747
367251
386782
451173
464890
479344
749120
999640
292876
320176
363935
451293
184165
315449
374833
413839
419958
498264
637168
1018055
85562
90064
115123
120582
124635
393798
409168
479322
487910
891704
29759
29772
312395
324430
657343
719829
795444
29652
479332
482130
934841
155537
224690
363277
370091
401067
483126
523827
533182
580283
597684
732231
108537
225724
227565
369164
419165
444884
464104
589775
663240
710743
732233
946317
972601
29765
143139
336654
426520
434534
444949
444950
461379
631059
799182
805620
864750
878576
29767
29770
113627
212016
264598
309073
426524
444945
451368
708788
759123
801449
27627
329703
363282
444663
464105
471363
479494
489239
523830
634115
875903
888452
971148
37930
84007
198181
341833
415903
426539
447409
521588
652891
691151
707446
783061
27682
27689
27803
374933
507096
556203
649119
781362
854240
871624
29434
43743
253453
261090
294310
415888
421779
452066
527612
569329
576358
577905
602777
785885
837382
859839
28181
29505
82802
213766
213775
227858
364422
448939
453659
479867
480299
488754
848839
59093
82210
88559
132035
227670
262423
478818
488748
489456
555878
640960
663924
705283
715181
858856
923672
974706
74021
145650
197011
227841
239722
330990
352707
367797
393010
393927
394546
424079
439772
448811
449445
466316
478692
478968
478974
480289
543203
642061
731653
787277
862065
866027
939811
953211
979728
1022024
27289
33876
36794
69235
96446
156969
167036
211678
227608
227864
270595
274513
339588
354326
364424
366067
367799
443114
448144
451267
453387
505816
586483
588696
642106
662183
685592
708697
732114
918007
972200
54211
70012
99885
108780
131212
153740
226023
270442
307544
339644
347425
357964
367080
370209
426200
457010
477329
483969
543467
568140
568574
576411
642131
923321
985329
995302
1010708
27694
30393
34552
54923
218720
277113
329807
361763
458985
476510
535476
548560
568573
590663
597687
603681
609627
634525
647931
683016
683699
697798
705586
705863
736381
738746
788635
857240
866661
974021
29433
72385
173285
225035
272296
281309
296803
301655
340462
348157
371386
446074
452379
458830
464248
471920
479736
505770
521499
541062
543904
586779
593676
631057
637174
647932
685044
705871
705873
705877
713478
718134
718138
746891
774108
859428
882431
942907
971294
976798
977052
977845
982869
108482
144171
281888
316157
329104
341114
341650
417265
478579
481097
498716
510346
542445
543906
552840
616318
620616
729878
857382
858653
861507
879878
968094
968604
971466
974046
1022767
65535
85710
97240
257047
277189
306185
353948
416506
451262
476363
480209
480295
483246
484040
517473
526507
529144
544781
605479
641991
647935
648427
662802
664833
687372
788176
977147
982552
984081
986859
262284
288049
294346
343489
346939
381640
416545
417169
449854
451263
451494
452389
453402
473238
492523
495868
539528
551556
568281
568578
580340
596039
639461
639473
642556
646109
683204
687377
708623
723538
781353
971757
977394
987401
993056
1018169
209956
212693
220139
220682
227369
268758
279932
302428
309921
329110
339373
381654
447559
461606
477902
544976
547331
565398
567584
568135
590278
590476
627324
629843
653544
668055
714870
738756
789375
841657
848239
852850
953165
985060
1032490
253057
270594
280860
293249
293852
305175
305862
306932
323478
328936
337530
384075
445135
481023
489122
499190
538382
545899
547482
568575
585197
586781
605554
609368
634527
652841
661237
713138
781372
810047
829370
853688
853691
855033
915967
955224
982151
337692
354888
364840
365720
372074
393395
451344
454420
479731
482773
482809
499278
499438
502312
539145
556972
558889
571911
581664
581993
616587
682662
697027
733615
733699
748251
756331
780748
824063
875236
881855
904924
971152
975265
341963
382184
386269
387854
392356
396120
397572
397797
413799
415703
418895
420132
427539
429991
431849
432281
448474
452112
456515
467320
467834
471610
479576
484479
488111
490271
493446
494678
496364
496594
503659
506400
508592
519647
560903
568524
571939
572949
588068
603524
646334
667054
674385
675853
691646
709786
715275
746161
793462
827525
831017
851275
1005367
410832
449478
449772
451452
451716
461628
472750
476341
476542
476662
483400
483422
483790
483965
484779
485245
486511
486772
487187
488247
489123
493494
495303
498110
506404
506413
509166
513508
521458
524882
526749
534425
535412
539185
554060
565244
571907
574124
583642
589565
594090
604514
605314
633100
645240
656211
689285
697123
729881
736853
810402
850127
462310
500269
516695
517046
519988
524785
526411
528665
532668
533139
534424
538698
542675
543998
547118
549078
549669
552476
553079
558448
558774
558909
559844
560038
562786
563575
567248
568120
573307
574137
574798
578400
582621
585537
588783
604518
605553
611141
612196
623493
641688
641697
644265
644426
644452
652118
655344
658975
692830
700424
705072
711813
716820
716822
725543
733506
770452
777537
786050
794925
820725
842098
857614
860292
860346
941723
975957
982966
459410
515389
567212
572428
579957
579959
596318
603457
604012
605124
608537
620495
625423
626963
629363
632570
634494
638732
643213
643587
643657
644009
644144
644752
649182
652034
652847
653842
656145
657701
658110
658596
659506
664994
671104
675777
678792
683100
690481
694673
712079
731391
734707
736447
740130
756885
773769
851296
852676
853730
873787
884356
935020
954914
971773
975502
411326
462604
500759
645732
659309
668040
669906
675347
679974
680297
683915
687301
688898
690085
691734
693071
694662
696845
698663
698676
699651
700522
709147
713197
717319
718055
723337
724492
727353
731158
731204
731216
731222
731230
731741
733914
734216
737974
738156
738162
738467
738730
741174
741178
741422
746132
746729
751073
756783
759413
763531
763747
764065
767528
776041
777828
781346
832672
835875
838322
844697
848440
851466
852986
862250
929030
944568
975302
997620
331432
701481
758823
780318
781329
781332
781345
785869
795206
799144
800891
801808
803442
804261
814406
816450
828691
830806
846278
847163
851839
853155
860764
862239
865672
876286
878367
880393
885468
886514
887445
891195
891989
892087
892175
894239
898100
904926
904929
904931
911425
912937
934665
937306
972040
973899
998224
1022634
663064
729454
754408
762640
773409
799051
805429
854748
878900
895862
898714
921213
928796
929334
930253
931049
932276
933140
935347
936783
941516
950636
962458
966364
971065
975801
977398
980128
982909
985102
988233
988586
997553
997887
999308
1000723
1001755
1004563
1005545
1007983
1011604
1014422
1015872
1027873
1027899
1029132
1029659
1031393
1031488
1032385
1032620
1032664
328939
801548
1043746
1073752
1077433
1082828
1090222
1094355
1097354
1100213
1102910
1106350
1107717
1112234
1116628
1124887
1126234
1128165
1128209
1135381
1139133
1140556
1144435
1152050
1154296
1155107
1165543
1175000
1175996
1183372
1184982
1185029
1185432
1185623
1185780
1189159
1192224
1194185
1196450
1197547
1200554
1203829
1205369
1206921
1214625
1225091
1234861
1244381
1246366
1246839
1250441
1252289
1252436
1254354
1276793
1288629
1293242
1295437
1301393
1312437
1320661
1326352
1336344
1353989
1354072
1387716
1400005
1407426
1471742
1509235
1527080
1559593
1564458
1566017
1735209
962691
1094293
1152222
1157784
1166953
1175574
1180255
1190128
1194420
1196555
1198717
1205911
1208134
1215026
1216624
1226762
1229906
1232322
1235665
1237397
1237814
1239944
1242571
1246490
1251300
1252113
1252908
1259850
1265438
1267030
1269173
1273802
1278047
1293038
1297706
1307178
1309031
1310853
1315381
1316072
1320320
1320322
1322156
1323189
1328717
1336707
1337800
1340774
1353226
1353970
1354031
1365582
1380545
1382583
1392898
1398008
1399444
1401207
1406987
1409213
1411353
1417683
1419239
1424883
1427726
1436276
1440427
1442992
1449636
1450940
1470820
1501578
1516261
1520053
1528581
1545203
1590957
1591121
1680798
1688640
1712608
508258
1052169
1165544
1174492
1174811
1195638
1218176
1224455
1252359
1264548
1282777
1323800
1326353
1326468
1328870
1340367
1357952
1364835
1365229
1373016
1380845
1380850
1388542
1395736
1398309
1407616
1408257
1408389
1416758
1427537
1428948
1436797
1437414
1438013
1447643
1448812
1454046
1456104
1467997
1473817
1476689
1486752
1487348
1488314
1489362
1494716
1500505
1500948
1503329
1505533
1512010
1512024
1514057
1518462
1519087
1520123
1525109
1526193
1533491
1539708
1541212
1543939
1543942
1547602
1552525
1554640
1558103
1559160
1567607
1569888
1575321
1577796
1580912
1586794
1586962
1587010
1602752
1607507
1613246
1622202
1629261
1651837
1683091
1686028
2957
3119
5470
13151
20608
23985
24132
24498
26472
27227
27685
27717
27782
27836
28185
28191
28231
28277
28310
28350
28383
28579
28653
28757
28953
28957
29203
29222
29227
29397
29899
30379
30392
30399
30445
30457
31564
33645
36859
36883
40931
41740
42530
44001
44692
45961
46120
47259
50762
51021
51723
52308
52455
60283
62985
63183
63333
66111
67795
68304
68306
69917
70857
71470
71612
72237
73442
74110
76035
76790
78246
79219
80333
82139
83880
84428
84625
86102
86580
86615
88197
89445
89723
90025
91890
93394
93629
93699
93958
93959
94736
94746
94841
95115
95757
97654
101588
103514
103676
103683
104713
107331
107341
108226
109763
111461
111735
112287
113132
115908
116632
116829
118449
118612
119198
119655
119677
120199
120240
120499
122582
123728
125129
125137
125149
126478
126568
127782
128643
129195
129663
131083
131225
132269
135208
135251
135252
136074
137295
137955
138223
138630
139431
139611
140541
142059
143508
144542
146012
147136
148972
152434
154445
155708
157599
157619
157922
158066
159390
161154
163541
164687
165279
168368
177096
177583
179242
179765
180850
181587
181628
182140
182510
184590
186031
187115
187525
188074
188628
188837
193582
195781
200462
201110
202628
204567
204904
205902
206865
208609
208617
211684
211686
211687
211999
212003
212178
213760
213805
213810
214754
216557
217596
219044
219047
219961
220680
222438
223259
223754
224680
225285
227531
227574
227619
227625
227739
227798
227866
227883
228562
229333
230643
233226
239352
244301
246463
248714
250577
253862
255291
255299
256452
261943
262609
264172
265321
268053
268892
269248
269676
271336
272098
272313
272699
272928
272997
273271
273792
274634
275614
276287
276697
277046
277054
277133
277461
277500
278653
279673
279696
279732
279752
280731
281189
281905
282191
288297
288424
288671
290394
290396
291290
291331
291610
291661
292013
292482
294488
294548
294629
294833
295207
295933
296496
298302
299025
300236
300581
300903
301014
301711
302512
303204
304021
304916
305028
305511
308123
308125
308259
309290
309297
310018
310996
312640
312692
314193
314266
315978
318788
318947
321665
322266
325157
325598
325617
328091
328640
328985
329838
330656
331307
334038
335223
335448
335650
335656
335736
335900
337021
338053
338677
340820
341057
341460
342492
342730
343041
344088
344885
345091
353090
353800
354021
354108
354642
354651
357007
358802
359062
360924
362807
367249
369163
371851
374167
376416
377635
379322
379965
383327
385964
388199
388415
388543
389260
391625
395713
397456
398211
399073
400038
401049
401052
401054
401793
402726
408220
410625
411779
412529
413070
413985
416874
417705
419319
419590
420046
422649
425007
426075
429855
430217
431056
431505
432856
433628
433823
434585
437761
439562
439788
440317
440522
440698
446198
446448
446462
447737
449457
450290
450413
450703
452654
452705
453600
455232
458033
458381
464776
466473
468436
470823
476642
477495
477977
478258
479003
480139
483052
483340
483586
485784
485792
485809
486385
486892
487442
489463
492332
493442
493448
493595
494991
495496
498084
498748
498754
498797
498886
498904
499482
499812
499953
501294
503658
503731
503768
504076
504129
504151
504180
504197
505775
506893
507624
507966
508384
509315
509760
510654
511051
511274
514438
515537
516774
517072
522285
523415
523938
528732
533094
535106
543468
545499
547620
549369
549639
551435
551694
552170
552925
555211
555295
557450
557883
561829
562771
563655
565500
565594
566239
566561
566707
566848
567607
567708
567984
568598
569085
570305
570453
570536
571782
572438
572727
575980
576134
578378
579296
580088
580370
580550
582875
583166
583711
585081
585149
590802
591832
594542
594568
595966
596061
596325
597175
597453
597455
597468
601108
601656
603012
603013
603577
603705
605572
609075
609080
609238
612394
616659
618375
619503
621080
623341
623642
625759
627840
630925
631592
632567
636681
636806
636808
636812
636827
637162
637255
638609
639495
639506
640427
640758
640766
640962
641709
642108
643225
643375
643503
649407
649770
650093
650893
650898
650900
650952
651006
651018
651488
654092
656174
657528
657767
661924
665087
672278
673526
676896
676981
683557
686208
686478
688863
693749
694224
699177
700650
703698
708805
710457
716119
718159
718460
719770
720104
720132
722354
723135
724789
725303
728941
729877
730407
731041
733605
735967
736752
737759
738183
738914
742107
745467
747941
748155
748543
749269
750344
752450
752715
753931
754017
756112
756599
758344
759248
759970
761260
762916
763370
764294
770590
772278
775567
777486
777573
778042
779167
779247
780182
780400
782204
782667
783638
784593
793914
796734
798443
802605
802954
807412
809668
816365
823393
824657
829053
832543
835243
842200
845004
846045
847314
847339
849496
849847
858600
859430
859431
860177
860861
861454
862404
864142
864207
872253
872376
872642
873639
873808
879912
882835
884288
885938
886142
887690
888192
893861
893985
903500
903513
917324
919076
920470
926003
926827
927287
927516
927849
931510
934131
936615
938049
940561
941060
943233
947335
947884
950680
950711
953367
956547
957598
961512
961613
965455
967967
969245
972488
972988
973093
977786
978928
979499
979760
980150
980173
980325
981319
981696
983527
987772
988092
988480
988777
990521
990577
991611
993259
996885
999869
1001547
1001688
1002135
1003233
1004691
1007931
1008368
1008876
1010673
1011219
1014503
1015360
1018416
1020182
1020410
1022827
1026891
1031283
1032419
1033413
1033494
1033636
1033883
1034673
1035499
1035689
1035903
1036293
1037459
1037664
1038002
1038048
1038378
1038460
1038869
1039368
1039425
1039792
1039795
1039811
1039928
1042179
1042369
1044433
1044719
1044945
1046603
1047365
1049070
1050249
1050676
1051483
1052244
1052633
1053734
1054947
1055108
1055206
1056502
1056561
1056838
1058717
1062181
1063589
1064775
1066767
1067337
1068623
1068952
1069510
1071529
1076318
1077350
1077470
1078318
1078907
1080816
1082701
1082925
1083699
1083816
1084741
1085067
1087293
1088179
1094265
1095036
1096630
1097092
1097251
1098018
1098024
1098072
1098117
1098898
1099085
1099228
1100125
1102526
1103463
1104052
1105060
1107359
1107637
1110171
1110546
1111687
1114096
1115208
1115980
1116536
1120025
1122242
1125609
1125627
1126010
1127279
1128168
1128181
1129136
1130097
1131142
1134546
1134902
1135963
1137076
1138936
1139098
1139099
1141267
1143801
1144340
1145542
1147276
1147590
1149943
1150832
1151326
1152470
1154456
1154994
1154996
1155261
1158326
1160134
1161145
1163256
1163775
1164176
1166528
1168089
1169681
1170057
1171230
1171233
1173070
1174093
1174161
1176393
1176464
1177512
1180572
1183199
1185192
1186332
1187097
1187100
1189157
1189160
1190057
1198355
1199289
1199996
1201757
1203068
1209505
1210307
1211290
1212366
1213415
1213718
1213946
1214943
1215034
1224289
1224965
1227460
1228314
1230860
1240889
1241989
1242561
1242879
1243538
1244525
1245191
1245526
1245802
1247436
1248339
1255413
1260158
1260835
1261260
1261577
1263723
1264452
1267407
1271685
1273310
1275531
1276743
1278930
1279504
1279755
1280745
1284041
1288241
1288613
1291776
1296949
1298622
1299357
1300565
1301472
1304314
1304470
1305700
1313831
1313837
1313842
1314304
1314464
1314748
1314832
1316408
1317104
1318306
1320004
1320610
1321946
1323618
1323909
1324828
1325939
1325980
1325982
1325986
1326696
1328631
1328651
1328735
1328945
1331538
1340360
1340374
1341751
1346487
1354791
1356264
1361355
1362947
1362981
1365840
1365983
1369992
1372687
1373722
1374493
1375770
1376435
1378428
1379249
1379606
1382802
1382832
1383612
1384133
1392522
1392690
1393652
1396928
1398053
1398067
1402886
1404715
1405033
1405737
1405738
1408843
1408861
1415752
1416042
1417714
1417904
1422966
1423191
1423192
1424947
1428968
1431114
1432706
1432968
1433354
1436994
1439773
1439851
1441285
1442361
1443582
1444158
1445953
1447427
1453509
1453972
1467408
1469274
1470080
1470130
1478208
1479197
1479836
1480147
1481946
1485886
1486952
1492655
1494164
1494294
1494303
1494754
1496674
1501220
1502117
1513607
1514338
1514475
1522191
1527201
1532032
1532438
1532997
1536432
1538584
1539009
1545251
1548774
1548951
1549004
1549556
1553392
1553816
1559805
1561415
1564504
1564505
1564594
1572064
1575542
1577795
1579168
1579880
1584033
1585594
1586823
1589348
1590102
1596301
1599021
1600149
1601242
1602267
1602567
1604613
1606790
1612522
1616344
1616405
1616575
1619417
1619430
1619600
1620503
1620724
1622163
1623127
1623822
1624353
1634982
1635530
1636140
1636200
1638985
1639848
1643197
1646116
1646124
1646461
1648343
1648434
1649128
1653672
1654674
1655198
1655693
1656101
1656845
1658692
1662599
1664906
1668381
1668962
1673140
1675147
1678192
1678417
1682410
1683097
1686904
1688318
1689220
1689569
1691953
1692068
1692259
1695276
1695493
1698893
1699309
1700726
1705035
1708239
1708253
1708376
1708791
1711129
1713821
1713962
1716716
1717247
1718636
1720656
1720666
1722750
1726190
1727234
1728265
1731343
337445
944367
189547
148112
384627
322858
602708
335851
259729
402885
135559
260776
337989
445894
63007
335185
380639
50110
152908
211774
29599
397052
230264
607994
49794
168476
743149
30920
446585
97317
215836
508338
73458
173305
316233
227569
30748
318000
341725
344898
84988
89935
109074
85010
211998
216192
322493
330938
401432
85138
113130
256239
163514
312396
86690
119786
183760
292877
416203
425444
638464
85177
163554
220618
247113
265472
388165
642069
202113
215243
295278
360722
426067
28341
109320
204627
227854
343476
348049
29761
131967
323371
361846
415852
465056
481975
208448
278305
311327
331151
212014
224350
378307
516778
27542
76467
161367
210194
276926
419171
640767
148148
276012
306000
348172
531393
28483
30030
97810
275869
342100
27684
27778
251365
376415
432116
567232
77602
277377
419311
426701
441659
80733
144086
309772
398871
500319
756540
776949
108888
153186
294805
351201
567451
179142
199939
200130
211688
215490
267441
296647
309079
392405
445868
479188
505596
567450
651514
707085
745179
28388
85969
229761
230688
274218
426533
429001
433698
449897
525301
637237
1018542
27487
27758
69323
82995
96140
143226
170259
177839
207733
218112
276086
281668
283225
352082
422934
469206
541526
27714
28096
38829
81431
135402
166816
196670
249087
250879
275637
310591
336921
341841
452137
458624
666344
681996
55081
69686
85561
106271
119158
148977
227795
282172
445675
507336
543868
634281
24045
39297
46328
107980
121937
143967
168325
180911
250417
256552
273763
286890
297792
360041
364675
400712
401559
451635
451732
460008
501389
582249
597692
625040
691068
752874
763818
1026244
27255
42285
55073
74398
77854
81839
115285
137746
173321
240611
246485
373190
401716
436342
481682
493462
518993
47335
59114
113621
115445
116581
116610
132163
250100
250869
255928
259847
294300
346603
443112
452386
464180
501309
508248
508773
58027
219267
301382
311010
316408
339059
376507
445905
445911
461514
479755
552550
557854
616862
642081
869046
951443
57503
57817
72014
78302
87624
107872
208160
250084
288137
298589
364219
392768
496434
546342
628731
637156
639687
668804
709692
750306
774131
776666
88014
103708
136549
137062
137900
246548
255916
295168
302506
303177
305037
409537
410653
416482
469702
472907
495717
644695
207763
208259
221782
221824
224772
227267
247111
268575
270880
281557
294134
320444
324234
327021
331164
369868
388732
392702
424266
471600
529641
552474
561030
584060
619754
882948
256676
265085
277552
291374
295154
295155
295307
299965
304480
316005
317156
352650
372581
377325
482201
500985
507331
538811
551220
580334
649924
719704
851539
993398
342732
360928
362726
363987
374023
374795
387911
395926
441716
456543
520026
560717
568766
605786
699378
109442
362304
385713
392432
396510
400628
402959
418804
421665
423269
425238
428396
432267
434703
438858
450372
459077
498069
498661
503661
509899
532742
556889
622193
691546
865390
882904
434591
444609
448263
450377
454974
455227
455350
460010
463767
463780
469359
470568
475605
476348
476366
480721
480803
484853
488613
489712
498507
504839
505220
515926
516028
519418
524433
563626
565481
579426
589178
593510
639705
646401
697399
435417
439013
495031
513297
517098
534223
549278
550108
552481
552482
564281
564518
565979
566092
592029
596795
600339
626873
627533
629228
643743
669705
913726
580138
583505
594770
596704
597889
599776
600718
600734
603138
605139
617523
627050
628637
630055
636530
643592
649078
659501
661917
662474
677063
720312
729832
730189
738475
870383
956351
434772
558450
607244
630377
637272
640462
645452
645746
651680
651692
669342
675256
686112
687979
689478
704646
713582
718892
721952
724963
728305
729938
733866
736611
737881
749039
750620
759397
759409
760312
762645
763053
763345
764813
769629
769657
771555
798091
877106
441750
638091
737885
769397
781326
782072
784858
818972
819926
830794
835742
835746
856015
856680
858159
878958
881138
914228
916489
953482
873096
882754
888212
922504
924323
954509
969728
977994
1003821
943701
1079235
1081706
1085053
1114562
1121903
1124152
1124914
1130784
1136100
1157693
1175992
1179165
1188278
1189510
1205084
1210253
1222912
1238437
1243910
1248876
1256988
1261261
1309669
1369991
1433015
981777
1128299
1129068
1147240
1234008
1236868
1264954
1265659
1268163
1277151
1278234
1281210
1293735
1295892
1297487
1313364
1328395
1335754
1340761
1352992
1361605
1371858
1374550
1415064
1418873
1426356
1450053
1463700
1604674
1631027
602567
1126897
1137423
1202188
1242432
1309707
1323797
1365165
1396916
1406253
1436210
1443124
1484625
1504291
1528009
1561101
1566231
1568348
1577007
1578356
1688662
145862
334454
3488
337805
271813
89654
30893
398193
123404
173095
85023
263124
380052
139543
156094
147890
648114
193474
250788
356877
85185
136593
224007
318611
366841
80668
124105
108066
122245
227571
85146
89933
145850
192982
224647
343872
84235
233934
315039
363462
84612
88352
88380
203963
312082
322658
401987
156191
225438
364183
264184
108130
134503
244638
29769
83618
214056
479777
144739
168883
204772
223281
251371
419169
27680
136006
264642
283431
568099
28087
85973
343493
605911
444679
58998
59274
121399
208657
271533
281186
27739
211680
282338
68515
92992
246917
44500
133143
135414
227835
246162
353227
445680
3206
13568
27028
28316
30441
32852
41824
223139
268101
268777
276208
27951
28317
58795
68661
72033
96974
116630
127049
130366
246448
260824
342391
360691
379653
449931
22027
36860
55173
108836
113146
115226
127742
136328
139858
173356
260958
330994
445683
479732
488813
523093
569886
7180
28767
29218
29774
29848
37687
54595
55079
80290
87269
159368
272484
276292
297173
380575
381777
424465
432844
498475
526917
639486
28584
50427
58668
79119
82653
90765
103984
104405
170199
279256
480304
490353
553078
108774
127209
200802
433274
729882
70948
90047
90170
113681
135321
200719
252574
294131
294371
330000
331020
351187
445756
554671
689389
142711
193122
210556
255921
270630
270837
297461
301122
348539
378632
406453
441454
620953
188667
210567
223093
224509
242245
289698
327025
365441
406084
458575
259828
277599
278682
279153
287784
292110
294274
300902
301606
304104
307023
312859
322246
331802
332940
481386
596405
986608
243697
332464
334753
336295
336824
343509
346925
359056
362573
365712
370131
374839
399118
403410
413758
432434
452997
459291
498575
521850
379649
409361
415661
419662
421405
424878
426193
432277
463945
469319
485394
651448
671324
730890
441741
461319
469520
470615
479646
479796
480121
483252
484299
484354
489610
495015
498656
498744
498752
505498
508866
509564
518853
519054
524286
554220
567853
574742
581252
598635
608797
704849
480270
505054
517811
533212
536404
543581
546473
549722
553705
559928
567429
573004
575141
593689
610014
669735
578835
596314
621248
626292
628959
637398
644688
646930
655587
746746
748474
511782
513304
582300
645431
678588
692478
711471
718161
726455
728795
728907
731233
731732
749256
750732
756545
758640
759420
765012
767276
775483
778780
784800
616404
780204
781032
781338
783233
785174
793942
805688
811847
818108
837707
862009
875268
877436
879062
953377
812340
969701
999386
731477
972740
980993
982322
1022244
1053908
1083119
1105121
1108673
1115744
1142322
1144917
1151317
1162834
1189354
1192906
1201834
1212329
1217109
1221596
1226393
1237394
952813
1042049
1084237
1172892
1208138
1216411
1275550
1278500
1278808
1308310
1313507
1316482
1319665
1337650
1373409
1395697
1396266
1578608
1144978
1301336
1311596
1423721
1426628
1443135
1455243
1488269
1495115
1498045
1511793
1573594
1579212
1589530
1678170
249478
248063
94070
202784
253520
80633
132346
435121
94545
104424
3345
67320
110404
126684
131582
39884
98128
190062
46970
92724
347501
3202
213207
256227
141127
144868
82452
215722
192987
92380
226018
163545
29607
90059
29814
91600
105258
213967
58983
85167
106836
204115
216142
219606
244033
27652
215772
265465
119558
139993
227662
306748
215280
29902
176018
225715
153490
293417
396396
58986
73316
217311
447955
297059
299077
318582
29712
124408
386081
30455
104422
117372
24104
27879
104425
214680
277439
297077
398868
445773
28232
213809
340033
349165
354135
20706
69010
200782
213765
254544
402167
24907
27840
30664
203013
310451
535926
59220
65583
72305
201926
205903
239414
330224
27810
28518
39167
50852
73143
147151
225065
275678
369517
398747
637944
52742
70069
81489
104184
154390
221972
311085
28347
55083
83590
113602
213278
275209
294147
309062
353382
390213
413336
581107
27553
35198
57293
70822
92322
95480
147278
186324
235733
238957
253103
253410
293625
348494
373350
51586
65861
66670
93715
115447
179255
547392
73197
80390
115448
147232
100082
140941
141899
154239
245107
281358
287526
515995
197858
262087
267909
286223
308421
322433
327370
536548
262621
292315
297632
298968
332296
333780
386030
442292
543901
290391
340452
347167
369427
378218
416470
371798
383150
396692
404388
415222
418150
419174
438055
442005
446207
472015
472855
481390
493731
510441
547055
560782
587040
597920
327369
423415
432896
445218
447956
460952
461618
464772
464869
468303
479459
480715
488888
495466
565053
580414
593941
658020
691932
837544
426373
477920
518778
529294
536141
550845
551096
553077
562618
576381
609183
508150
571858
573687
574839
586327
606446
646558
649117
652340
652694
654798
656980
658568
659223
706677
503025
658829
688131
713828
738170
752307
759378
759908
821501
846284
865439
917514
926092
848391
1022103
515162
945382
1059593
1071779
1106717
1112617
1163418
1182445
1194713
926813
1031114
1124918
1154330
1205384
1239456
1318106
1322560
1337652
1398903
1403263
634878
962354
1294484
1409423
1552378
94735
253148
261264
87603
100657
28300
63022
87120
89400
65059
28269
84418
92776
156542
160410
161324
108890
138012
231188
94548
40449
100662
186903
276746
422340
82431
109238
251407
105746
334098
30523
84276
126754
136468
138900
194645
251384
315529
3412
27413
29771
291693
295294
30727
354669
58989
326662
270557
107423
267570
417800
89143
172798
29763
130018
145998
4231
43081
85865
93755
113821
138345
4238
74019
76560
103974
10031
27474
65955
164423
176223
100329
112460
163589
178439
29504
76856
96455
141642
155554
479726
21163
40012
48447
67227
102762
116218
342933
344526
15057
59549
120325
159393
209582
24995
46398
55813
74618
191086
578686
64717
76620
136268
158129
29431
58643
65327
72595
88118
251124
297631
480937
44213
78042
120881
123814
166752
240896
251183
418945
481352
49960
108872
140821
140965
181160
201642
274081
327445
401479
509471
200745
225866
234993
255512
287500
299599
353487
393355
594545
79062
280434
290725
299154
319595
323485
378310
469603
509009
514791
171282
326536
340018
343416
343803
374896
379334
424182
480750
113323
398470
405790
408243
416192
425628
447288
452021
470593
489454
420477
433854
434279
451748
474675
476484
477342
483087
484701
485623
488242
491043
499714
499951
309885
427060
429730
493678
513947
523353
524213
527364
532090
533137
533210
534169
542191
548533
553076
564009
565620
556268
578631
586166
589102
594689
599781
608168
621584
634775
641706
643114
648819
652778
656214
791906
517984
660663
682836
705058
715133
722358
758298
512579
832233
848740
865419
690286
1079725
1080980
1087155
1101819
1156141
1182283
1188598
1189015
1194955
1308433
1210378
1281755
1330445
900322
1143995
1253036
1323806
1413879
1460173
1491621
1557132
1568135
1570622
1578088
1586941
186458
113751
3490
149777
179391
228880
29469
394330
29238
211603
121620
77319
315531
86276
157707
81483
49351
90355
239728
85669
99192
181282
97974
85206
84998
460730
29947
85155
88381
30317
85153
85166
109473
134572
194209
27741
138469
162046
191806
290456
296878
136641
27878
108704
174045
28083
28513
208182
2992
147310
223296
108885
3349
27844
196139
50471
72073
82363
315929
27669
28625
76409
85873
246727
48147
69935
27800
239628
298228
4284
10095
82986
123858
201171
209611
267913
360651
18213
28080
40462
79027
95099
116611
400967
16445
17154
58802
85489
97850
193286
303005
26772
27783
29573
32003
48808
52348
212599
27643
34168
39700
40877
44759
54750
66815
74024
125331
143222
180631
225979
36604
58206
63409
71027
71102
96271
127284
291608
77551
86410
301866
329841
114688
114730
135354
140839
186602
218868
246218
254010
279504
287715
338713
427472
291336
298009
302584
306285
343474
423268
321275
346093
347423
365752
379058
391863
395319
402438
410712
488468
490863
283256
336010
419327
423038
428696
463675
441665
449961
455152
463496
466677
474513
484980
520235
567920
568287
569889
708561
582652
606960
709798
578847
591126
955714
1103402
1117388
862029
1305540
1328402
1038938
1377413
1489665
199034
113241
140680
30638
109102
53036
99537
87719
32322
84374
213251
190068
59737
48803
98081
78169
88823
106015
135424
390540
199347
181764
28600
84635
126022
450087
107781
68874
29891
29930
28646
54800
201178
46009
92720
115258
28446
41560
77047
200803
28103
30318
54965
233191
81840
121587
27473
55170
110329
69121
73554
94862
103966
114176
39805
40009
51541
187591
223004
261084
278102
29706
35324
53811
76214
104108
269947
91166
116583
12216
34640
49362
50038
50606
63705
108839
89281
143083
100009
146365
208172
224997
262267
472908
240260
323465
279965
296855
449519
481361
493537
309047
335696
342486
353093
367941
385327
498253
393154
408252
433651
453412
454865
455635
460146
464752
467228
474819
509412
503436
505826
532657
532875
544656
561516
592660
598983
535096
592495
629819
729740
532870
572443
624482
673378
735253
710309
894844
529193
1032121
1098077
1139623
1161115
1186749
816949
873967
1206989
1245776
1271604
1325573
1386598
1444783
156385
74550
257275
117028
91733
133907
116389
89762
53442
261597
121143
81464
104953
124135
54124
127441
22385
157276
214198
169534
85152
30928
132843
27648
59011
281168
119353
132369
110163
56428
85024
27766
28530
97780
138097
29925
213499
13556
27468
53007
27483
28418
76195
85011
99062
26631
39252
65857
77885
96781
172155
27826
28687
30396
34784
54586
36531
36556
54208
90936
138355
37771
39509
137634
198292
39572
65660
84738
114847
175138
82707
118622
336598
118856
145103
256080
271492
308467
312275
389832
448976
293540
295413
298835
303702
392253
394115
407344
373477
310707
340865
389856
399062
409281
481702
449882
462171
464329
479965
483075
487848
507211
638855
517939
532153
553080
611534
588236
706862
720065
588440
589877
671474
862280
1137538
1138037
1159204
1183972
1158709
1224327
1312787
1399580
1438030
262972
126594
80532
43613
259197
116216
119207
186351
150014
95008
139198
29964
109742
167554
27630
240490
40366
132361
88405
120225
30773
150794
399004
137663
27892
144696
133535
22583
3350
180886
27529
43084
29230
273190
69117
71076
116603
28142
84913
10088
27174
54585
23327
27285
28958
46171
76621
105989
15282
27442
52631
24877
50638
91409
119175
175944
5489
34685
39050
50604
51590
257861
140781
168633
183347
207345
322682
165078
273805
212494
214328
222299
230263
259668
281348
294083
416947
310933
324787
332278
337342
356089
473962
373194
418327
422514
424649
445245
518228
527014
532640
610010
618620
626576
700544
483219
706727
856639
978158
1084750
1180763
1236418
29499
156420
126451
72313
125686
87464
376258
89397
90338
143777
28867
110175
27611
83821
103607
29597
85176
338730
30753
201252
58965
84901
104772
107343
122408
47286
86685
35951
64929
44493
65143
61238
24716
52086
64771
71690
98906
200953
257206
21343
41547
56306
25086
61233
61706
42942
58250
80837
89369
84585
100274
192483
207356
220854
120772
122544
134885
135973
149234
192415
278771
229375
314915
390249
281932
350616
371804
417180
447315
507498
509594
537542
548162
433989
635737
709519
743032
760871
802610
857570
1214795
1359482
1081088
1367763
1443832
28362
85226
122211
86901
263554
92809
34089
111015
29118
86278
28146
227603
97559
29423
83283
26943
91172
108877
109086
322505
116641
131358
134136
27713
29958
21536
13566
26439
207729
17469
27555
28161
29798
89632
356677
60965
197497
25870
56560
39322
58623
77594
116319
84565
216203
179070
187291
211914
356482
403214
252190
261273
290224
343907
392051
350751
366232
408699
404086
411805
488115
522703
554766
566879
606966
651696
660838
1232062
1305928
1323979
44586
105101
29210
107121
92320
29399
49222
43753
113337
73354
48312
83155
28338
85150
86269
200639
85162
182499
91605
92706
95514
72244
10702
34959
28725
54963
68270
28727
36594
43587
27389
35730
113917
381961
85133
118988
231384
136801
224301
207271
207782
225898
229526
291533
260536
279817
298156
316951
325827
345913
349110
370690
406582
457402
365038
450968
477113
500203
422047
532656
572426
633907
1135245
1143790
84713
94068
98116
71990
98216
50959
95404
77399
191740
78252
185495
58644
85204
119595
81466
45031
85169
86689
208759
108933
50808
28766
29883
29922
27471
189353
28516
173761
53463
57236
110523
28741
37970
19281
56997
58765
213711
129798
85646
231783
207260
224328
227172
332488
341957
306307
405899
458736
446360
484415
621495
659716
762832
801583
1257801
1374294
1458180
27500
111306
29324
41024
37579
142305
86271
83311
56429
3165
69169
21158
84986
85001
30919
135482
169150
44184
39908
52326
63382
35950
28188
10121
58782
75020
12175
66616
37792
40599
64788
24091
36942
46467
67679
125040
133196
248736
74006
168901
289536
121175
143146
168145
272101
334894
362373
366969
329025
434576
451067
454546
492535
574283
509624
559740
585649
942161
1207637
1300891
1424817
156344
156365
18100
84711
117019
117026
63027
100770
42869
119212
92319
93890
85681
84423
5751
108563
37977
102463
41704
41920
73973
27272
51046
74101
291545
172002
49348
27386
35731
19296
39370
66895
70583
171045
257976
279975
279994
347755
391813
396011
410270
424060
461771
475603
515320
596767
655426
837271
860135
1180879
1337886
1151586
184885
91283
122027
45674
43045
78411
3149
77889
90315
63959
85682
53806
86149
39932
38246
112969
133339
68665
19604
74807
28113
43545
54582
188884
68509
61789
27671
28791
32343
42939
47436
544023
31991
32857
33988
55939
56537
61613
193580
251733
263905
279525
327368
345692
381507
385309
417451
453203
480948
483006
484586
535280
542574
634550
596332
646542
753973
901321
1147322
1369988
1260794
95348
74604
52940
86979
104644
69869
82126
155341
158087
143547
27009
3069
15398
41367
45593
39171
48675
161326
25543
39453
70636
84924
134756
268993
254126
262165
327911
376502
382437
390326
490819
504255
542476
1042623
1126637
1206083
138017
29368
38468
117429
3210
113905
44690
85199
87110
26678
15902
38610
188032
34004
44259
59936
18634
39912
49359
71783
24683
24996
30902
44682
28936
55662
65871
71868
48809
319396
354534
357054
442824
706857
543582
735580
981316
1132497
73179
41033
28590
112687
40139
28734
30796
60413
418835
69853
60504
20216
40015
14417
56860
16027
18496
16922
26482
46202
163189
126962
208703
259246
293894
330530
344434
347064
382725
597722
605851
746157
801970
1075350
1115710
1279596
138956
26921
43312
38120
85611
42477
78075
73116
81475
98106
92766
40115
148991
65252
19816
22619
12682
22072
52023
62962
11926
14814
56109
32860
55684
82655
240507
292988
264480
376560
1045563
1377505
156329
119168
23125
29070
49800
69058
88065
91561
71912
116194
83409
59095
27674
30767
23515
16925
65214
73085
83473
280923
316246
337073
347855
355264
413100
398096
416530
395948
531208
43249
83519
85236
85202
41967
33767
43749
55102
66121
28640
27613
25170
28585
45273
232888
75862
84558
92635
131673
268940
355499
424284
680295
1563506
40091
45607
35914
35919
85496
29596
33018
83866
33990
9940
32707
18969
39914
16280
172372
201024
224950
233208
100541
432364
450829
532636
417611
1223050
23389
22741
22856
48421
48136
28160
5734
59051
103971
37005
4290
22177
61716
68523
78308
179159
293828
408149
431392
434520
517831
572430
668343
775265
1176128
32862
23281
38823
147941
42717
29491
70810
30049
75564
60158
27336
27345
29797
27231
32540
195389
202083
209780
229154
280127
422010
479746
449753
728791
27502
27501
79181
116445
59734
70123
29556
68028
35721
42289
14143
22745
68610
111901
86215
88379
91319
100024
160128
201426
207770
293901
324986
23293
40343
86332
51831
27619
22060
35733
14209
34195
25693
49847
81972
101501
114635
224778
391596
585604
672761
1148787
30342
30345
29416
86193
29957
97975
15901
31129
18096
25713
27284
13826
74008
58792
185755
224944
291347
308017
433002
436285
41023
52745
37464
45729
55006
150211
277687
336271
440397
733491
1221415
109109
27642
93939
42452
47894
70553
4289
40458
27612
79721
87835
218266
253205
334026
340185
552485
675253
96951
84720
23622
27116
40236
24874
24963
403130
422471
511474
1115604
1244657
38269
58997
29403
39262
31382
46359
85189
90926
31276
29098
27895
9987
10114
176990
646541
59158
29609
52204
48291
65379
14983
36671
252151
266882
296244
402516
444689
472717
27144
30644
117120
121498
279967
279977
630288
766076
1125186
38273
109122
29103
30833
71853
287793
298609
326247
326446
326834
418930
1085113
110980
27625
54801
35250
53953
34231
122326
286971
444109
1250846
31134
46158
85191
28229
17319
35710
45052
66470
996503
1006769
29600
10558
41656
147879
328763
674025
31275
56092
76929
86252
29721
22731
77444
161782
28365
31383
3051
34574
76403
24648
25119
39959
405551
517166
37441
77669
53335
18443
1026222
44585
29060
28746
24927
18556
18557
74915
216374
256742
522655
33546
40041
13546
19085
58664
30449
287692
527642
662821
786584
39311
40129
13903
31687
47194
1019961
87911
28359
28681
21927
45778
138943
42186
40350
30478
29951
321039
345287
436496
482325
41020
31472
127626
183412
368256
1104771
45803
31287
40448
20357
10055
14440
77068
95667
494058
23014
24499
48669
85207
480603
1161663
1265517
4457
23174
62105
403820
1287850
45017
128841
298026
698320
77546
36421
41235
248561
526052
65262
516027
517929
27918
28156
25028
7454
483987
1109406
54121
28522
14838
20919
37196
337085
343097
29424
15011
32904
459667
521509
84152
116946
24505
270221
404961
36089
14833
119478
41374
197919
40804
24837
29347
27313
105531
286372
29852
40231
33519
25035
26588
363689
628866
37813
77677
274899
279661
315024
979806
44340
521531
590575
45714
44950
352372
623034
64883
13569
92393
52263
79550
505060
10011
16179
74518
787747
39862
586577
30202
62697
58903
12653
14795
268725
1052158
18851
29290
18045
27258
87178
26958
29559
15422
728796
76804
43143
12683
26722
14605
27420
30997
24836
39283
18442
41021
86759
3075
25753
481192
36489
67087
33555
891931
83727
28177
40368
55888
15714
12791
474104
29396
24702
14977
84228
501851
39859
26957
165567
337029
639247
39982
24038
17166
573680
84907
268229
28499
48309
354924
38996
25377
416166
41966
96648
496274
276922
33468
9783
92395
174671
3127
63727
70575
50497
287524
27791
36086
60575
