17
83
136
138
170
176
214
215
229
244
326
348
377
395
440
467
539
561
565
571
573
578
579
580
588
609
622
628
635
663
694
747
755
763
764
765
766
768
790
791
794
805
806
814
831
837
923
924
927
928
931
948
964
985
1091
1248
1450
1483
1547
1551
1562
1576
1577
1596
1644
1683
1690
1691
1694
1696
1702
1730
1813
1872
1877
1923
1933
1961
1970
1975
1977
1992
1994
2046
2082
2151
2154
2182
2199
2212
2291
2637
2654
2655
2662
2667
2668
2675
2929
2957
2981
2989
3016
3019
3021
3022
3023
3025
3028
3030
3031
3035
3036
3043
3051
3053
3070
3072
3073
3074
3075
3076
3077
3079
3103
3104
3105
3117
3119
3124
3125
3127
3145
3152
3164
3208
3217
3345
3484
3485
3486
3490
3511
3574
3579
3581
3597
3600
3602
3603
3980
4232
4233
4234
4238
4240
4242
4283
4284
4288
4289
4337
4365
4488
4513
4722
4858
4879
4883
4961
4970
5072
5237
5470
5680
5755
5759
5857
5876
5898
5956
6069
6114
6171
6174
6217
6466
6488
6552
6917
6933
6948
6974
6976
7006
7091
7092
7131
7181
7182
7340
7341
7342
7392
7454
7737
7866
7978
8077
8078
8090
8316
8398
8408
8413
8461
8555
8617
8643
8766
8769
8771
8814
8843
8851
8852
8869
8875
8913
8914
8922
8968
8973
8991
8997
9003
9009
9011
9017
9022
9030
9033
9035
9042
9059
9064
9077
9092
9095
9100
9102
9272
9276
9286
9306
9348
9358
9360
9362
9373
9374
9378
9392
9406
9423
9424
9426
9431
9456
9457
9529
9532
9533
9538
9540
9542
9544
9552
9568
9592
9599
9608
9638
9640
9645
9656
9680
9682
9707
9708
9711
9725
9728
9730
9731
9756
9782
9783
9792
9793
9796
9825
9827
9841
9847
9871
9877
9885
9890
9898
9902
9913
9935
9938
9945
9946
9949
9954
9964
9966
9976
9980
9987
9997
10004
10007
10008
10012
10014
10016
10041
10053
10055
10063
10065
10066
10069
10070
10072
10075
10076
10085
10089
10092
10093
10094
10113
10124
10127
10131
10160
10163
10166
10177
10185
10205
10206
10212
10213
10216
10225
10242
10251
10263
10280
10281
10283
10285
10288
10292
10294
10299
10304
10306
10307
10320
10331
10336
10344
10349
10351
10359
10361
10375
10383
10384
10391
10395
10432
10489
10493
10496
10513
10552
10558
10576
10577
10578
10579
10585
10605
10657
10665
10676
10692
10706
10725
10726
10727
10730
10766
10768
10776
10779
10781
10785
10787
10790
10823
10824
10829
10836
10838
10845
10854
10873
10885
10891
10894
10900
10906
10925
10929
10943
10961
10972
10973
10984
10987
10988
11015
11026
11033
11056
11058
11059
11069
11071
11082
11096
11124
11133
11152
11167
11186
11187
11206
11217
11223
11237
11246
11249
11252
11281
11284
11298
11309
11336
11342
11345
11347
11348
11351
11357
11361
11376
11377
11380
11415
11427
11428
11429
11442
11449
11470
11481
11494
11495
11503
11508
11525
11531
11542
11547
11549
11569
11586
11587
11596
11601
11607
11618
11623
11654
11675
11683
11772
11773
11791
11797
11804
11811
11815
11850
11868
11879
11880
11905
11908
11917
11926
11932
11954
11974
11979
11980
12095
12110
12122
12142
12158
12171
12192
12212
12223
12237
12238
12262
12476
12483
12484
12485
12521
12525
12526
12576
12583
12587
12590
12591
12594
12597
12611
12619
12662
12674
12682
12683
12685
12699
12700
12702
12707
13006
13008
13009
13022
13025
13059
13094
13121
13122
13151
13186
13190
13204
13207
13220
13340
13429
13465
13474
13489
13510
13511
13515
13548
13549
13550
13553
13555
13557
13559
13564
13567
13570
13581
13613
13666
13762
13784
13788
13797
13803
13812
13849
13885
13934
13937
13945
14001
14005
14033
14098
14125
14126
14138
14147
14157
14192
14211
14219
14223
14228
14237
14240
14248
14254
14255
14353
14372
14397
14435
14440
14456
14457
14458
14459
14510
14549
14564
14604
14605
14660
14686
14730
14745
14795
14833
14853
14863
14878
14913
14916
14977
14983
15039
15052
15056
15069
15096
15135
15158
15212
15239
15262
15301
15356
15360
15420
15423
15426
15476
15482
15516
15527
15641
15658
15714
15741
15762
15846
15849
15851
15855
15856
15900
15991
16027
16028
16067
16080
16093
16126
16139
16146
16154
16159
16175
16180
16182
16191
16200
16205
16207
16226
16235
16266
16271
16281
16288
16296
16304
16307
16309
16315
16335
16337
16342
16350
16372
16373
16440
16456
16559
16763
16764
16774
16780
16871
16915
16921
16925
16938
16973
17027
17038
17100
17102
17110
17154
17158
17166
17200
17209
17212
17287
17455
17456
17469
17577
17609
17618
17692
17792
17796
17874
17898
17907
17911
17918
17965
17994
18009
18011
18015
18029
18040
18086
18111
18196
18217
18238
18250
18256
18274
18392
18405
18442
18443
18462
18476
18477
18498
18502
18505
18557
18573
18616
18724
18726
18759
18773
18775
18781
18801
18870
18882
18910
18966
18979
18983
18987
18990
18998
19002
19058
19064
19085
19116
19142
19154
19158
19166
19185
19197
19201
19222
19236
19237
19286
19287
19288
19298
19383
19483
19543
19564
19592
19599
19723
19898
19904
19908
19912
19969
19994
20016
20029
20034
20182
20216
20323
20357
20381
20424
20441
20481
20591
20606
20620
20701
20850
20945
21141
21143
21151
21158
21159
21168
21208
21362
21398
21407
21484
21515
21597
21623
21627
21794
21799
21841
21860
21922
21935
21970
22007
22033
22105
22135
22172
22175
22244
22307
22440
22450
22476
22480
22543
22619
22642
22681
22718
22741
22804
22894
22970
23122
23127
23173
23202
23220
23382
23410
23437
23439
23691
23730
23761
23823
23827
23963
23966
23988
24001
24007
24038
24056
24075
24103
24106
24124
24126
24150
24194
24274
24331
24341
24452
24499
24580
24634
24649
24655
24740
24777
24778
24799
24831
24836
24837
24862
24868
24913
24923
24924
24925
24928
24929
24935
24939
24944
24947
25018
25028
25035
25060
25066
25086
25103
25133
25155
25234
25239
25241
25319
25329
25438
25508
25557
25625
25748
25749
25750
25751
25752
25753
25754
25756
25769
25834
25853
25944
25967
25974
25983
25993
26015
26042
26178
26198
26215
26233
26245
26278
26301
26369
26466
26480
26515
26517
26558
26587
26588
26661
26679
26680
26688
26702
26722
26774
26811
26857
26860
26865
26894
26912
26914
26923
26932
26953
26954
26956
26957
26958
26959
26960
26961
26962
27009
27070
27084
27115
27116
27118
27122
27130
27135
27150
27179
27214
27227
27230
27244
27253
27258
27259
27274
27284
27303
27313
27318
27327
27346
27358
27361
27374
27381
27387
27405
27412
27414
27416
27420
27429
27442
27452
27468
27475
27476
27477
27482
27483
27485
27495
27498
27503
27517
27527
27588
27601
27607
27617
27623
27625
27642
27646
27648
27651
27657
27662
27664
27669
27671
27711
27714
27717
27723
27726
27733
27740
27764
27766
27767
27769
27770
27778
27783
27784
27789
27797
27813
27814
27815
27816
27855
27860
27886
27895
27916
27970
28070
28073
28079
28082
28090
28098
28103
28108
28147
28148
28153
28156
28161
28165
28169
28223
28229
28237
28260
28264
28277
28295
28314
28336
28340
28346
28350
28355
28363
28377
28380
28389
28418
28419
28421
28423
28425
28426
28435
28436
28450
28498
28499
28501
28503
28504
28509
28529
28586
28594
28635
28652
28659
28667
28669
28739
28746
28752
28762
28763
28765
28768
28770
28774
28801
28859
28893
28902
28910
28941
28942
28953
28955
28958
29030
29046
29056
29069
29074
29077
29094
29095
29098
29143
29161
29163
29210
29235
29238
29239
29242
29286
29290
29293
29296
29315
29343
29345
29350
29394
29396
29403
29416
29424
29425
29426
29427
29437
29449
29486
29508
29512
29514
29547
29556
29559
29570
29596
29600
29620
29634
29652
29691
29748
29756
29778
29787
29794
29806
29850
29852
29865
29867
29896
29905
29922
29926
29938
29945
29959
29960
29979
30062
30081
30137
30155
30202
30203
30315
30346
30377
30379
30383
30385
30396
30400
30419
30452
30477
30497
30519
30554
30566
30567
30641
30652
30661
30666
30685
30694
30711
30755
30767
30781
30782
30785
30788
30789
30793
30796
30829
30833
30855
30885
30924
30926
30931
31003
31013
31080
31116
31150
31160
31232
31287
31428
31472
31503
31549
31578
31579
31592
31646
31655
31682
31685
31703
31707
31767
31909
31915
31952
31965
31967
32003
32012
32021
32023
32033
32043
32051
32076
32146
32219
32220
32301
32343
32527
32569
32595
32612
32613
32623
32652
32685
32858
32940
32998
33005
33016
33020
33061
33172
33278
33305
33308
33326
33374
33475
33502
33516
33518
33519
33521
33543
33546
33555
33754
33914
33990
34023
34081
34098
34193
34223
34311
34312
34335
34479
34480
34574
34583
34596
34640
34734
34794
34943
34959
34996
35073
35074
35198
35280
35324
35564
35616
35626
35669
35683
35710
35721
35801
35813
35891
35908
35911
35914
35919
35945
35946
35950
35977
35978
35979
36086
36224
36239
36299
36419
36586
36587
36599
36622
36647
36648
36675
36685
36686
36778
36984
36992
37019
37035
37062
37130
37169
37190
37227
37254
37306
37342
37376
37434
37463
37526
37527
37529
37530
37534
37707
37793
37843
37865
37924
37929
37930
37935
37936
37938
37970
37977
38006
38033
38065
38084
38150
38157
38258
38269
38321
38358
38410
38412
38464
38498
38500
38503
38541
38701
38753
38761
38775
38783
38939
39043
39044
39154
39158
39164
39176
39195
39222
39261
39263
39279
39283
39297
39311
39341
39408
39409
39437
39453
39564
39578
39805
39824
39844
39855
39859
39862
39868
39874
39875
39890
39891
39893
39895
39899
39924
39925
39929
39932
39957
39959
39982
40009
40016
40028
40039
40040
40041
40060
40064
40076
40078
40087
40095
40115
40129
40158
40219
40221
40222
40229
40231
40350
40353
40377
40387
40446
40458
40460
40464
40466
40467
40649
40761
40800
40804
40854
40912
40952
40955
40969
41020
41025
41027
41035
41153
41215
41235
41275
41374
41396
41402
41419
41434
41436
41439
41445
41446
41505
41568
41574
41651
41656
41671
41759
41790
41793
41824
41827
41828
41966
42114
42149
42187
42196
42215
42218
42245
42251
42289
42302
42309
42452
42455
42466
42468
42469
42476
42530
42532
42549
42594
42709
42717
42729
42735
42745
42787
42901
42905
42941
43015
43065
43089
43093
43099
43105
43115
43149
43228
43274
43309
43552
43593
43629
43650
43717
43749
43919
43931
43935
43947
44027
44028
44037
44040
44214
44247
44250
44340
44351
44470
44499
44500
44510
44548
44562
44585
44591
44625
44678
44698
44732
44809
44811
44859
44909
44932
45009
45017
45431
45511
45607
45657
45714
45778
45795
45853
45878
45937
45959
45964
46020
46113
46158
46175
46221
46261
46302
46330
46333
46364
46368
46420
46429
46441
46464
46548
46633
46711
46788
46812
46838
46878
46885
47038
47065
47090
47340
47386
47515
47518
47615
47620
47674
47763
47891
47892
47894
47955
48014
48131
48171
48197
48202
48291
48309
48311
48374
48397
48463
48466
48572
48585
48587
48660
48669
48787
48800
48871
49017
49018
49126
49231
49304
49332
49347
49353
49365
49396
49433
49597
49673
49676
49684
49730
49745
49763
49787
49804
49830
49877
49950
49958
49970
50037
50204
50288
50357
50382
50466
50471
50497
50687
50698
50719
50838
51176
51215
51521
51586
51776
51831
52001
52015
52023
52196
52199
52204
52263
52308
52309
52326
52395
52454
52520
52528
52660
52702
52788
52941
53060
53080
53101
53150
53187
53245
53335
53850
53868
53950
53953
54013
54075
54116
54118
54398
54525
54585
54608
54653
54700
54753
54801
54811
55006
55016
55066
55152
55170
55215
55248
55328
55341
55377
55401
55538
55547
55563
55667
55684
55723
55779
55784
55861
55888
55890
55949
55952
56092
56110
56132
56165
56242
56527
56564
56705
56860
56906
57146
57190
57196
57597
57733
57749
57789
57876
57901
58010
58151
58411
58428
58431
58664
58718
58788
58789
58790
58791
58797
58807
58816
58903
58904
58980
58987
58989
59093
59115
59120
59189
59317
59549
59726
59738
59762
59797
59798
59936
60085
60086
60095
60304
60366
60413
60490
60575
60772
60817
60935
60950
60965
61012
61238
61613
61904
61948
61964
62108
62131
62132
62697
62761
63197
63207
63317
63350
63360
63381
63512
63517
63590
63705
63706
63725
63749
63777
64524
64717
64720
64806
64853
64857
64861
64883
64976
65055
65086
65255
65262
65327
65460
65535
65599
65603
65891
65899
66111
66164
66192
66489
66608
66616
66706
66765
66795
66881
66892
66918
67087
67166
67302
67642
67679
67740
67974
68116
68117
68133
68212
68304
68306
68505
68523
68572
68610
68665
68684
68878
69059
69142
69163
69169
69272
69853
69884
70084
70247
70249
70345
70351
70553
70575
70583
70584
70740
70772
70779
70948
70981
70984
71031
71326
71469
71582
71626
71668
71670
71672
71902
71943
72014
72034
72073
72111
72153
72190
72277
72313
72331
72444
72508
72571
72695
72756
72859
72869
73085
73290
73354
73460
73554
73588
73614
73626
73935
73936
73943
74008
74024
74225
74328
74343
74461
74505
74539
74725
74747
74777
74899
74943
74997
75013
75020
75327
75441
75555
75564
75623
75735
75738
75761
75862
76212
76403
76409
76450
76487
76617
76620
76656
76730
77046
77127
77173
77336
77546
77812
77883
77949
78042
78083
78093
78198
78247
78252
78294
78381
78383
78402
78555
79073
79316
79319
79649
79694
79721
79771
79785
79896
79906
80368
80385
80468
80570
80624
80633
80837
80920
81009
81475
81489
82315
82505
82507
82628
82654
82657
82743
82802
82972
82990
83000
83101
83363
83409
83413
83579
83834
83880
83896
83899
83938
84060
84107
84108
84152
84178
84183
84194
84204
84226
84228
84235
84289
84348
84359
84428
84520
84577
84719
84784
84898
84907
84942
84990
84994
84997
84999
85001
85007
85024
85133
85141
85154
85170
85186
85204
85207
85483
85566
85695
85765
86094
86182
86239
86304
86328
86330
86494
86595
86597
86643
86680
86703
86743
86759
86825
86889
86962
87110
87226
87321
87436
87451
87706
87710
87867
87874
87877
87905
88018
88174
88225
88296
88424
88905
88941
89386
89445
89632
89662
89691
89904
90232
90338
90363
90840
91549
91586
91600
91683
91817
91908
92060
92182
92208
92395
92398
92418
92613
92702
92706
92707
92716
92766
92769
92779
93030
93084
93394
93630
93715
93755
93758
93856
94365
94436
94583
94603
94887
96917
96951
97051
97206
97345
97693
97790
97795
97889
97983
97986
98106
98308
98360
99008
99092
100024
100051
100089
100183
100241
100274
100275
100432
100474
100516
100541
100557
100671
101176
101179
101519
101669
101898
102060
102463
102762
103254
103607
103620
104184
104534
104729
104755
105588
106028
106682
106836
106845
107121
107342
107343
107781
108563
108774
109120
109122
109133
109174
109425
109428
109563
109703
110004
110163
110404
111306
111440
111476
111749
111878
112454
112969
113132
113344
113658
113957
114003
114133
114162
114394
114542
114584
114606
114958
115084
115210
115241
115258
115666
115755
116177
116212
116233
116248
116319
116325
116389
116445
116463
116514
116583
116605
116641
116712
116811
116946
116979
117258
117350
117904
117905
117942
117974
118249
118427
118485
118957
119159
119169
119278
119478
119517
119558
119586
119698
119723
120478
120582
121498
121567
121597
121606
122329
122369
122408
122466
122742
123075
123105
123109
123324
123728
123888
124040
124114
124230
124428
124470
124637
125138
125268
125490
125509
126075
126170
126172
126277
126478
126816
126889
126927
127144
127401
127421
127548
127651
127884
128643
128748
129195
129418
129547
131358
131582
132137
132163
132232
132240
132447
133197
133339
133369
133718
133805
133907
134366
134521
134597
134885
135064
135309
135368
135422
135446
135559
135579
135760
135812
135848
136006
136212
136881
137051
137145
138068
138355
138496
138544
138726
138792
138843
138875
138943
139038
139132
139455
139484
139659
139721
139933
140172
140174
140343
140781
141642
141644
141733
141899
143095
143147
143780
143967
144204
144863
145135
145210
145587
146203
146229
146243
146301
147136
147151
147237
147879
148801
149897
150060
150201
150202
150782
151933
153102
153738
154207
154445
155084
155708
156310
157036
157422
157424
157433
157544
157547
157619
158015
158066
159031
159092
159117
159128
159211
159324
160070
160200
160201
160204
160405
160410
160697
161128
161216
161368
161374
162046
163008
163541
163545
164052
164377
165541
165567
165864
166271
166598
167032
167554
167575
168098
168368
168705
168891
169150
169314
170261
170647
170748
171277
171292
171424
171703
172828
173365
173672
174188
174678
174682
175944
176223
177221
177232
177583
178135
178146
179070
179111
179159
179248
179254
180276
180305
182774
183327
184345
184346
185460
185474
186458
186869
186959
187591
189353
189711
190068
190392
190847
191447
191568
191740
192367
192813
192982
193079
193612
193726
194486
195328
196139
196830
197497
197919
198210
198456
199534
199578
200044
200213
200745
200872
201085
201110
201178
201297
201430
201870
202508
203021
203022
203556
203834
203835
203847
204349
204730
205321
205818
205891
205903
206860
207270
207768
207769
207774
207782
207933
209182
209582
209611
209780
209901
210238
210908
210947
211045
211065
211067
211676
211686
212930
213110
213208
213281
213333
213396
213407
214597
214629
214851
215830
216176
216178
216424
216539
216546
216580
216683
217311
218266
218769
218784
219004
219247
219606
219808
220471
220506
220720
220775
221506
221972
222461
222851
222858
222911
223263
223269
223286
223461
223625
224007
224069
224223
224244
224509
225065
225285
226140
226458
226783
226948
226994
227071
227094
227172
227213
227267
227348
227534
227555
227852
227883
228496
228676
228973
229108
229154
229526
229839
230168
230263
231001
231082
231528
231783
232799
232888
234212
234652
234663
234993
235339
236423
238384
238636
239352
239380
240222
240507
240665
241257
241258
241843
241855
241958
242033
242224
242512
242606
243688
243940
244316
244458
244566
244610
245003
245627
246355
246403
246485
246741
247280
247747
248595
248641
249087
249391
250100
250546
250574
250577
251365
252171
252529
252612
252715
252880
252905
253108
253148
253306
253866
254188
254191
254193
254194
254474
255298
255537
255798
256012
256030
256274
256742
257087
257093
257117
257345
257444
257445
258086
258157
258193
258255
259072
259074
259197
259543
259633
259693
259828
260739
260804
261071
261090
261357
262088
262324
262522
262702
262832
262840
262848
263472
264253
264480
264568
264743
264881
264983
265010
265016
265019
265321
265465
265905
267743
267806
267927
268091
268421
268979
268993
270064
270169
270303
270304
270424
270851
272692
272813
273174
273190
273271
273477
273511
273525
273805
273807
274036
274107
274214
274477
274626
275985
276012
276287
276357
276488
276692
276857
277232
277610
277685
277688
278316
278706
279181
279493
279525
279661
279690
279948
279972
280002
280092
280171
280573
280731
280860
280892
281114
281348
281621
281653
281979
282035
282484
282813
283009
283445
283686
284110
284564
284711
285215
285524
285549
285838
285840
286372
287084
287424
287526
287715
287793
287903
288158
288250
288297
288335
288445
288500
288505
288588
289097
289239
289416
289712
290391
290456
290555
290637
290696
290725
290789
290825
290903
290999
291272
291279
291290
291413
291495
291545
291693
292280
292601
292992
293379
293401
293452
293517
293536
293553
293572
293771
293828
293862
293970
294083
294238
294308
294515
294562
294616
294705
294776
294798
294963
295011
295138
295220
295427
295900
295987
296065
296121
296130
296172
296174
296216
296271
296503
296626
297147
297160
297461
297608
298009
298015
298028
298034
298091
298093
298096
298177
298250
298296
298312
298487
298577
298584
298723
298835
299077
299093
299245
299438
299468
299551
299858
299900
299939
300467
300665
300668
300669
301233
301325
301356
301365
301728
301804
301846
302019
302038
302675
304104
304613
305580
305805
306185
306285
306803
306947
306951
306964
307156
308017
308125
308129
308131
308642
309000
309047
309885
309919
310131
310137
310996
311085
311539
312275
312791
312827
312831
313922
314762
315024
315978
316154
316727
317981
318000
318947
319188
319326
320048
320413
320444
321258
321702
321738
321740
321768
322050
322058
322061
322163
322410
322433
322505
322922
323262
323271
323370
323373
323694
323707
324436
324560
324803
325302
325454
325837
326049
326126
326446
327025
327095
327165
327368
327389
327533
327732
328963
329010
329020
329029
329237
329289
329399
329440
329549
329556
329807
330656
330946
330972
330980
330994
330997
331352
331392
331446
331740
331839
332280
332312
332488
332567
332689
332704
332755
332765
332920
333357
333371
333416
333674
333680
333812
334536
334895
335393
335409
335646
335796
335866
336081
336237
336265
336453
336455
336560
336833
337029
337085
337218
337300
337543
338172
338537
338676
338677
338947
338967
339342
339530
339547
340102
340103
340213
340601
340837
340865
341006
341051
341114
341963
342127
342584
342927
343041
343097
343173
343284
343674
343885
343907
344054
344147
344854
345468
345875
345911
345940
345950
346297
346364
346651
346671
346672
346939
347097
347196
347262
347423
347548
347642
347751
347754
347755
347762
347847
347849
347854
347973
348049
348236
348493
348523
348929
349057
350362
350610
350872
351043
351075
351211
351460
352458
353082
353093
353345
353382
353686
353979
354125
354216
354220
354251
354401
354479
354669
355193
355309
355506
355536
356486
356677
356690
356760
357096
358648
358719
358982
359029
359053
359186
359228
359245
359246
360321
360328
360494
360651
360784
361028
361159
361292
361538
361943
361945
362057
362105
362227
362306
362388
362397
362826
363089
363111
363126
363310
363809
363844
363889
364005
364009
364088
364094
364116
364220
364801
364840
364873
365348
365351
365645
365651
365712
365752
365805
365995
366159
366171
366210
366360
366637
366789
367284
368031
368051
368182
368323
369032
369196
369300
369751
369798
369868
370167
371560
371608
371833
371886
372074
372258
372343
372572
372581
372891
373190
373926
374052
374114
374221
374515
375355
375366
375569
376311
376416
376570
377264
377448
377635
377979
378018
378160
379102
379889
380124
380565
381034
381237
381283
381288
381760
381905
381961
382052
382184
382244
382723
382731
382782
382915
382966
383145
384075
384521
384756
384798
384978
385038
385309
385320
385459
385737
386585
386826
387501
387660
387854
388194
388440
389856
390574
390582
390833
391069
391262
391975
392405
392818
393010
393154
393345
393395
393513
393643
393798
394067
394115
394151
394552
394830
395797
395926
395982
395992
396321
396422
396493
396550
397243
397514
397873
398173
398410
398588
398798
398887
399199
399747
399894
400019
400411
400456
400586
400605
400649
400710
400918
401065
401067
401265
401407
401410
401561
401793
402195
402561
402721
402976
403100
403119
403264
403283
403368
403410
403642
404516
404584
404961
405225
405774
405882
405899
406052
406563
406994
407393
407531
407559
407620
407624
407627
408185
408220
408439
408490
409056
409164
409297
409560
409582
409617
410126
410465
410712
410876
410988
411067
411143
411208
411326
412354
412546
412758
412762
412766
413100
413799
413857
414191
414590
414603
415446
415550
415633
415826
415952
416154
416160
416166
416209
416226
416234
416452
416572
416724
416729
417065
417384
417451
417800
418078
418405
418585
418588
418704
418912
418930
419165
419407
419430
419479
419548
419590
419627
419639
419706
419767
419825
419918
420074
420132
420245
420572
420634
420707
420763
420918
421131
421792
421987
422010
422340
422472
422873
422943
423038
423108
423144
423246
423336
423383
423415
423549
423625
423631
423930
424049
424121
424139
424305
424647
424649
424878
425253
425723
425931
425935
425972
426034
426063
426249
426375
426506
426793
426814
427040
427243
427941
428399
428420
429417
429452
429460
429467
429476
429725
429727
429733
429740
429742
430231
430345
430964
430967
431075
431185
431259
431771
432116
432579
432804
433244
433274
433419
433808
433823
433941
434051
434279
434555
434661
434703
434772
434805
434873
435179
435417
435615
436274
436328
436373
436494
436549
436585
436972
437342
437931
437978
438734
438736
438799
438943
438970
438982
439015
439032
439079
439214
439384
439943
440020
440021
440096
440294
440397
440444
440559
440597
441716
441741
442062
442249
442824
443094
443272
443319
443488
443791
444109
444149
444193
444609
444910
445054
445135
445318
445710
445732
445911
446074
446101
446106
446360
446462
446514
446574
446897
446898
446904
447215
447332
447617
447663
447704
447955
448054
448194
448432
449454
449498
449550
449664
449772
449833
450537
450555
450598
450642
450829
450932
450987
450988
451262
451263
451267
451494
451545
451964
452386
452507
452762
452890
452895
452920
452997
453387
453579
454189
454418
454439
454622
454963
455108
455227
455304
455551
456160
456529
456660
456740
457041
457685
457710
457712
457835
457943
458141
458305
458339
458353
458624
458673
458723
458736
458969
459202
459220
459291
459349
459667
459928
459947
460019
460146
460218
460458
460552
460730
460778
460885
460962
461213
461514
461628
461773
461928
461955
461992
462036
462768
463022
463364
463602
463684
463708
463821
463843
464104
464105
464111
464431
464745
464772
464823
464829
465086
465177
466696
466937
467026
467239
467377
467405
467438
467462
467615
467632
467660
468091
468332
468696
469095
469721
469916
469972
470229
470434
470614
470615
471346
471924
471950
472226
472269
472338
472814
472945
473165
473729
473902
473962
474350
474513
474764
474810
474819
475220
475406
475605
475623
475961
476299
476348
476375
476424
476489
476527
476542
476642
476676
477036
477069
477462
478311
478528
478530
478579
478741
478811
479390
479755
479837
479965
480100
480105
480121
480157
480210
480304
480403
480410
480414
480733
480923
480948
480970
481072
481367
481375
481866
482048
482249
482325
482373
483052
483096
483142
483202
483246
483283
483987
484369
484394
484437
484457
484509
484907
485003
485415
485507
485774
485792
485811
486011
486060
486578
486725
487439
487442
487677
487719
487955
488047
488143
488564
488722
488754
488779
489064
489280
489375
489454
490837
490863
491277
491817
492034
492336
492384
492414
492535
492611
492621
492628
493537
493922
494618
495204
495466
496274
496466
498507
499482
499497
499559
500535
501170
501851
502104
502255
502312
502406
502416
502574
503125
503371
503589
503706
503736
503751
503752
504151
504180
504197
504631
504839
504922
504982
505058
505063
505236
505423
505557
505596
505826
506758
506775
507089
507201
507434
507441
507946
508404
508433
508526
508976
509534
509635
509667
510284
510346
510388
510657
510689
510969
511068
511243
511671
511817
511827
511987
512025
512196
512356
512499
513208
513236
513268
514233
514242
514277
514440
514593
514743
514847
515389
515454
515537
515612
515676
516326
516329
516632
516664
516784
516833
517116
517416
517764
517929
517939
517984
518158
518240
518686
519523
520023
520151
520466
520763
520901
520905
521029
521113
521357
521458
521482
521485
521490
521934
521935
522066
522438
522444
522655
522681
523139
523371
523638
523830
523849
523931
524138
524216
524251
524433
524537
524787
524789
525200
525460
525639
525904
526051
526052
526196
526295
526510
527261
527612
528091
528732
528753
528985
529149
529193
529366
529649
529962
530076
530157
530351
530385
530623
530670
531101
531124
531145
531219
531309
532153
532408
532635
532657
532671
532710
532756
532814
532870
532895
532973
533642
533938
533985
534072
534235
534271
535096
535581
536127
536554
536664
536919
537200
537476
537495
537523
537788
538227
538698
539064
539181
539364
539517
539537
539549
539649
539651
540545
540974
541071
541560
542170
542224
542445
542787
543511
543915
543917
544533
544780
545749
545784
546121
546150
546724
547088
547091
547117
547231
547392
547482
547565
548064
548163
548257
548473
548511
548560
548943
549077
549294
549736
549738
549773
550148
550273
550446
550845
551238
551554
551608
551694
551735
551736
551758
551804
551808
551957
551994
552322
552481
552660
553141
553357
554100
554220
554636
554739
554917
555249
555252
555752
555974
556153
556203
556259
557419
557498
557991
558088
558305
558377
558450
558655
558684
558742
558774
560321
560362
560453
560499
560782
560981
561077
561291
561546
561817
561859
562220
562231
562771
562786
563575
563626
564009
565028
565522
565597
566416
566561
566805
566849
566879
566926
567220
567331
567609
567898
567971
568339
570305
570610
570670
571055
571384
571782
571788
571907
571932
572000
572428
572430
572438
572443
572755
572757
572763
572949
573521
573560
573680
574192
574283
574475
574493
574883
575437
575774
575776
576004
576134
576358
576477
576510
576845
577889
578400
578602
578631
578912
579958
580334
580370
580629
580630
580809
580944
581173
581178
581650
582049
582302
582621
582652
582798
582913
583711
583888
584004
584788
584800
584826
585216
585604
586044
586461
586483
586577
586586
586592
587041
587042
587130
587138
587496
587506
587548
587927
588080
588207
588210
588216
588236
588696
589102
589594
589770
590009
590050
590164
590178
590663
590995
591273
591274
591275
591287
591634
592230
592973
593316
593643
593655
593745
594090
594465
595068
595149
595216
595801
595966
596321
596949
597453
597856
599281
599402
599724
599777
599975
600008
600165
600417
600751
600963
601099
601369
601844
602009
602223
602414
602711
602734
603012
603013
603312
603904
604079
604317
604578
605133
605211
605802
605804
606446
606625
607338
607383
607782
608077
608154
608195
608502
608569
608654
608812
608994
609075
609575
609768
609972
610227
610253
610387
610743
610894
611153
611277
611342
611489
611495
611605
611636
611640
611962
612152
612294
612394
612565
612592
612669
614111
614196
614204
614205
614479
614630
614722
614817
615656
615774
616366
616584
616587
616820
616831
616844
617505
617786
618128
618585
618620
619730
619778
620193
620499
621151
621248
621584
621707
622420
623338
623464
623491
623520
623521
623670
624694
624774
624779
625122
625655
626081
627290
627572
627661
627840
628079
628446
628478
628707
628866
629015
629228
629363
629819
630055
630392
630586
631060
631583
631697
631842
631843
631947
632205
632304
632309
632357
632727
633130
633177
633207
633232
633958
634301
634336
634878
635419
635514
635772
635910
636229
636514
636523
636805
636807
636809
636879
637162
637312
637672
637969
638045
638091
638467
638541
638855
639052
639247
639473
639506
639581
639959
639973
640796
640962
640974
641588
641668
641684
641706
641764
641991
642061
642063
642108
642155
642886
643114
643291
643428
643503
643550
643586
643866
644003
644030
644142
644157
644262
644452
645182
645240
645516
645726
645856
646109
646334
646385
646541
646683
646939
647302
647895
647931
647932
647935
648043
648168
648408
648957
649117
649609
651013
651178
651571
651645
651680
651698
652004
652034
652757
652891
653070
653229
653363
653537
653598
653615
653643
653765
655344
655366
655504
655754
656174
656790
658503
659223
659502
659986
660299
660335
660727
660838
661950
662016
662152
662548
662844
663200
663603
663625
663712
663866
664045
664168
664561
664574
664617
664945
665032
667141
667154
667177
667216
668061
668712
669510
669671
669735
669770
670266
670426
670428
670429
670466
671372
671713
671725
672582
672741
673179
674025
674393
674603
675327
675526
675531
675814
675956
676547
676649
676738
676770
677359
677646
678094
678588
679163
679893
680286
680493
680593
680631
680734
680829
680985
681195
681584
681631
681680
681914
681986
682532
682836
683154
683557
683630
683773
684139
684201
684684
685646
685661
686003
686208
686584
686684
686854
687340
687496
688460
689127
690136
690248
690311
690451
691061
692478
692510
692531
693318
693467
693780
694657
695256
696393
696513
696605
696822
697799
698074
698320
699018
699758
700290
701121
701369
701510
701578
701796
702037
702621
703745
704567
704630
705387
705397
706236
706559
706677
706891
707214
707408
707455
707459
708494
708808
709059
709147
709567
709614
709621
709631
709642
709907
710019
710219
710295
710717
711069
711471
711641
711705
711963
712503
712508
713364
713479
713704
713951
714460
714669
715003
715123
715235
715239
715260
715324
715762
716258
716300
716309
716512
716703
716819
717319
717372
717728
717972
718014
718146
718389
718400
718416
718445
719221
719704
720026
720065
720771
721196
721656
721877
721940
721955
722261
722522
722603
722709
722710
723029
723072
723419
725114
725223
725836
725842
726455
726527
726753
727389
728054
728069
728144
728305
728415
728874
728907
728941
728949
729004
729341
729454
729482
729613
729660
729873
729884
730167
730426
731343
731391
731740
732510
732678
732713
732856
733156
733837
733914
734353
734639
734707
735427
735734
735736
736356
736485
736611
737881
737885
738057
738127
738370
738466
738467
738507
738914
739068
739123
739449
739587
739643
739990
740049
740611
740623
740903
740925
741382
741533
741581
741592
741613
741614
741957
742179
742538
742926
742951
744038
744210
744542
744553
744746
744750
745210
745342
746135
746157
746223
746524
746722
746746
746817
746891
746943
747171
747706
748150
748224
748230
748464
748810
748853
749044
749047
749105
749240
749519
749645
750109
750914
751062
751237
751361
751394
751848
751856
752126
752505
752510
752834
752867
752880
753453
753468
753926
754588
754933
754934
754983
755561
755566
755798
755804
756237
756278
756452
756457
756523
756545
756720
756747
756885
756999
757838
757845
758279
758323
758724
758769
758861
758897
759165
759213
759335
759397
759409
759426
759807
759902
759955
759970
760104
760161
760195
760204
760312
760688
760741
760875
760919
760998
761563
761600
762441
762504
762640
762863
762998
763149
763161
763256
763820
763850
764065
764619
765732
765758
765832
765869
766220
766579
767243
767499
767504
768275
768447
768983
769011
769270
769364
770549
770684
770740
771157
771536
771820
772603
772973
773491
773897
774021
774132
774454
775400
775481
776028
776486
776491
776501
776506
776666
776904
777620
777733
777830
778042
778126
778436
778801
779234
779246
780182
780267
780609
780832
781001
781032
781330
781705
782209
782214
782226
782238
782667
782936
783088
783333
783335
783947
784495
784577
784858
785154
785157
785163
785328
785443
785763
786110
786126
786300
786584
786835
786971
787052
787174
787283
787465
787469
787590
787747
787752
788057
788527
789113
789208
789413
790695
790803
790998
791177
791348
791906
792492
792667
793002
793836
794234
794325
794960
795518
795522
795724
795853
795970
796197
796214
796237
796250
796256
796265
796428
796534
796941
797166
797742
798296
799123
799182
799540
799982
800497
800597
800681
800815
801071
801233
801271
801320
801485
801808
801937
801970
802055
802108
802226
802344
802870
802887
802909
802954
803114
804042
804261
804616
804706
804755
805224
805396
805436
805473
806207
806731
806778
806804
807001
807172
807182
807278
807339
807356
808090
808421
808683
809347
809393
809561
809929
810024
810062
810263
810271
810464
811061
811076
811656
811767
811822
811893
812235
812621
812987
813006
814800
814811
814889
814891
815136
815279
816381
816487
816949
816952
816977
817000
817514
818543
819604
819876
819926
820511
820609
821390
821489
821499
821501
822148
823199
823210
823359
823393
823491
823764
823847
824877
825808
826753
826777
826843
827064
827157
827931
828305
828306
828691
829035
829038
829243
829358
829410
830524
830764
830788
831410
831438
832508
834619
835679
835875
836155
836225
836713
837271
837286
837506
837997
838117
838237
838241
838484
838516
838719
839342
839678
840705
840805
840887
840889
842098
842200
843621
843880
843898
843932
844295
844396
844398
844697
845178
845783
846278
846778
846785
846867
847197
848391
848432
848818
848826
848886
848887
848912
848949
849369
849635
850050
850099
850218
850379
850439
850575
850920
851429
851717
851972
852096
852252
852696
852701
852795
852850
852917
852930
853035
853334
853387
853413
853730
853764
853958
854160
854244
854748
854765
854902
855228
855435
855466
856060
856421
856613
856661
856668
857391
857427
857501
857726
857797
858017
858064
858066
858159
858161
858180
858314
858492
859657
859839
860027
860135
860606
860728
860764
860861
861057
861069
861454
861523
861913
862029
862280
862720
863181
863406
863525
863594
863776
863831
864536
864860
864873
864959
865355
866741
868757
869150
869291
869618
869989
870182
870186
870352
870671
871493
871654
872283
872383
872497
872506
872671
872886
873529
873674
873754
873888
873967
874167
874265
874706
874709
874728
874950
875429
875487
876174
876237
877087
878686
879033
879497
879538
879672
879689
879849
879957
880004
880100
880264
880324
880557
880841
881258
881404
881460
881487
882598
882904
882948
883089
884093
884184
884517
884681
885192
885309
885683
885938
886083
886778
887556
887690
888097
888192
888257
889046
889107
889198
889287
889658
889676
889839
889995
890348
890771
890874
891576
891983
891996
892062
892113
892767
893323
893338
894205
894570
894586
894751
894818
895492
895744
896011
896173
896352
896448
897338
897424
897454
897488
898860
899294
899445
899579
899694
900412
901060
901247
901330
901385
903097
903329
904024
907390
910355
910807
911106
911348
911926
912407
913017
913290
913415
913673
914075
914215
915310
915982
917007
917496
917990
918675
919345
919567
920081
920642
921216
921644
923162
923246
923414
923995
924323
925891
926378
926449
926599
926606
926762
926899
927412
927554
927854
928015
928153
928391
928480
928668
928808
929230
929525
929562
930055
930057
930600
930791
930908
930962
931346
931349
931447
931455
931510
931529
931628
931650
931834
931892
931940
933088
933090
933140
933224
933260
933292
934010
934131
934194
934201
934207
934433
934438
934708
935020
935073
935999
936444
936602
937306
937656
937941
938128
938600
938614
938935
939773
939914
940402
941060
941062
941711
941723
941883
942318
942905
943788
943919
944638
944972
944976
945176
945657
945840
945920
945961
946020
946215
946217
947065
947073
947226
947532
947612
947892
948033
948067
948072
948334
949423
949486
949505
949574
949607
950088
950141
950201
950434
951491
952813
953377
954038
954041
954369
954388
954410
955663
955897
955991
956425
956469
956920
957019
957121
957284
957314
957424
957452
957841
958256
958598
959233
959767
959903
960258
960470
961137
961172
961427
961428
962354
962458
962764
963591
963637
964379
964780
966429
966851
967068
967345
968013
968051
968077
968123
968688
969679
969686
969701
969757
970259
970450
970571
970947
971757
972206
972488
972731
972740
972816
972911
972914
973239
973471
973540
973543
973861
974021
974072
974191
974264
974320
974558
974931
975022
975129
975320
975373
975887
976260
976437
976553
976925
977013
977786
978158
978522
978651
978796
979329
979757
979806
980078
980325
980395
981011
981272
981314
981567
981593
981680
981777
982067
982322
982543
982620
982637
982752
982909
982966
983024
983286
983420
983421
983496
983539
984105
984670
984961
985059
985102
985335
985777
986009
986070
986097
986131
986359
986677
986805
987061
987101
987912
987926
988142
988233
988682
988777
988857
989223
989751
989830
990419
990511
991041
991111
991291
991924
992277
992846
993105
993164
993402
993784
993867
994143
995191
995803
996266
996581
996720
996727
996763
997383
997390
998134
998340
998390
999136
999243
999735
1000173
1001414
1001922
1002594
1003233
1003251
1003716
1004130
1004635
1004987
1004996
1005625
1005683
1005776
1005852
1006462
1006595
1006937
1006947
1006998
1007242
1007272
1007535
1008042
1008323
1008368
1008374
1008392
1008756
1010600
1010708
1010755
1010756
1011213
1011395
1011621
1011679
1012433
1012582
1013203
1013482
1014375
1014421
1014431
1014661
1014991
1015080
1015303
1015539
1016030
1016521
1016526
1016848
1017063
1017180
1017335
1017733
1017818
1018105
1018149
1018219
1018416
1018429
1018829
1018852
1019105
1019444
1019556
1019836
1019846
1019881
1019961
1019967
1020340
1020414
1020696
1020730
1020910
1022002
1022103
1022128
1022634
1022654
1022947
1023086
1023853
1023922
1024530
1024591
1024721
1024773
1025918
1026066
1026222
1026496
1027094
1027385
1027482
1027492
1027496
1027661
1027728
1027929
1027950
1028005
1028679
1028703
1028955
1029132
1029235
1029281
1029752
1029949
1029955
1030983
1031105
1031216
1031283
1031359
1031747
1031876
1031929
1032061
1032305
1032372
1032385
1032448
1032628
1032664
1032666
1032823
1032948
1032988
1033052
1033467
1033909
1033936
1034172
1034541
1034689
1034725
1034861
1035190
1035462
1035982
1035995
1036685
1036814
1037217
1037841
1037863
1037880
1038068
1038217
1038378
1038392
1038938
1039204
1039233
1039282
1039359
1039508
1039790
1039811
1039886
1040229
1040783
1040785
1040884
1040892
1041399
1041613
1041972
1042179
1042240
1042555
1042568
1042657
1042667
1042960
1043197
1043267
1043274
1043284
1043513
1044303
1044442
1044551
1044560
1044714
1044798
1044843
1044878
1045129
1045203
1045563
1045777
1046594
1046969
1047235
1047365
1047662
1048237
1048254
1048352
1049024
1049075
1049435
1049553
1049577
1049942
1050361
1050469
1050676
1051317
1051321
1051335
1051518
1051896
1052146
1052409
1052558
1052559
1052853
1053244
1053908
1054299
1054426
1054643
1054947
1055108
1055206
1055451
1056505
1056569
1056581
1057768
1057776
1058537
1058619
1058638
1058689
1058710
1058724
1058909
1059066
1059345
1059778
1059916
1060183
1060351
1060604
1061020
1061396
1061519
1061531
1061656
1062137
1062215
1062276
1062413
1062722
1062733
1062789
1062839
1062870
1062962
1063480
1063639
1063687
1063707
1063877
1063882
1064028
1064061
1064178
1064462
1064497
1064591
1064909
1065952
1066485
1067053
1067074
1067283
1067568
1067714
1067936
1068747
1069108
1069825
1069885
1071084
1071215
1071430
1071552
1071976
1072074
1072342
1072485
1072928
1072949
1073079
1073114
1073304
1073952
1073973
1075335
1075362
1076043
1076213
1076318
1076352
1076692
1077277
1077559
1078318
1078605
1078664
1078741
1079054
1079485
1079508
1079707
1079820
1079916
1079992
1080065
1080764
1080917
1080980
1081208
1081400
1081662
1082211
1082773
1083376
1083381
1083394
1083433
1083567
1083699
1083816
1083929
1083968
1084187
1084199
1084222
1084523
1084753
1085103
1085113
1085252
1085608
1085617
1085692
1086260
1086747
1086794
1086867
1087086
1087184
1087388
1087694
1087695
1087803
1087822
1088080
1088157
1088454
1088784
1089123
1089228
1089515
1089951
1090323
1090403
1090983
1091267
1091298
1092237
1092343
1092519
1092806
1093064
1093662
1093793
1093797
1094107
1094206
1094274
1094403
1094713
1094787
1094836
1095036
1095700
1095844
1095957
1096076
1096087
1096197
1096422
1096630
1096838
1096879
1096881
1097020
1097150
1097251
1097964
1098055
1098160
1098378
1098881
1098965
1099080
1099085
1099086
1099088
1099686
1099688
1099696
1100125
1100203
1100244
1100730
1100782
1100810
1100988
1101063
1101501
1101819
1102425
1102815
1103160
1103192
1103407
1103420
1103437
1103598
1103731
1103830
1103892
1104067
1104364
1104670
1104771
1105014
1105121
1105856
1106302
1106717
1106849
1106931
1107039
1107166
1107325
1107992
1108590
1109406
1110207
1110707
1110775
1110989
1111873
1112000
1112303
1112617
1112718
1112834
1113069
1113278
1113484
1113515
1113956
1114040
1114072
1114137
1114513
1114743
1115075
1115392
1115604
1115827
1115911
1115980
1116201
1116989
1117319
1117321
1117388
1117627
1117769
1117979
1118033
1118174
1118318
1118464
1118516
1118857
1119107
1119237
1119269
1119487
1120077
1120132
1120277
1120713
1120859
1121297
1121405
1121679
1121976
1122220
1122504
1122566
1123740
1124272
1124353
1124509
1124533
1124620
1124735
1125063
1125311
1125371
1125532
1125627
1126010
1126032
1126504
1126577
1126637
1127050
1127175
1127304
1127384
1127839
1128165
1128204
1128305
1128487
1128619
1128941
1129154
1129598
1129823
1129992
1130053
1130172
1130187
1130276
1130571
1130754
1131308
1131755
1131927
1131988
1132378
1132497
1133248
1133329
1133564
1134048
1134241
1134306
1134467
1134537
1134663
1135134
1136113
1136382
1136487
1136492
1137068
1137121
1137205
1137563
1137688
1138194
1138689
1139073
1139106
1139126
1139138
1139296
1139411
1139495
1139713
1139937
1139981
1140017
1140535
1140624
1140648
1140847
1141182
1141280
1141375
1141993
1142055
1142186
1142255
1142369
1142388
1142400
1142414
1142694
1143190
1143697
1143868
1144063
1144067
1144528
1144577
1144689
1144917
1145036
1145221
1145327
1145348
1145351
1145970
1146143
1146147
1146246
1146983
1147598
1147875
1148027
1148738
1148756
1148920
1149279
1149881
1150266
1150399
1151020
1151030
1151031
1151352
1151703
1152330
1152619
1152740
1152836
1152919
1153496
1153610
1153620
1153714
1154624
1154957
1154996
1155067
1155090
1155095
1155516
1155980
1156721
1156991
1157287
1157951
1158271
1158582
1158697
1159204
1159275
1159431
1159477
1159500
1159518
1159559
1159581
1159831
1160003
1160112
1160146
1160340
1160618
1160748
1161543
1161622
1162058
1162334
1162338
1162418
1162480
1162725
1162841
1162858
1162974
1163338
1163661
1165068
1165197
1165466
1165696
1165900
1165918
1166537
1166592
1167764
1167767
1167913
1168089
1168251
1168450
1168460
1168722
1168821
1168866
1168953
1169210
1169449
1170145
1170600
1170910
1170928
1171476
1171605
1171870
1171888
1171895
1172042
1172152
1172388
1172400
1172427
1172440
1172700
1172726
1173275
1173379
1173559
1174019
1174240
1174618
1175175
1175182
1175237
1175402
1175873
1175964
1175992
1176211
1176392
1176742
1176784
1177411
1177445
1177649
1178499
1179119
1179165
1179626
1180626
1180696
1180849
1180879
1181075
1181217
1181293
1181566
1182886
1183069
1183972
1184020
1184300
1184506
1184675
1184862
1185768
1185777
1185950
1185980
1185988
1185995
1186023
1186538
1186714
1186735
1187072
1187417
1187470
1187784
1188394
1188423
1188852
1188920
1189015
1189043
1189205
1189310
1189317
1189684
1189798
1189885
1190128
1190400
1190755
1190868
1190888
1191318
1191588
1191902
1191912
1192022
1192124
1192154
1192205
1192253
1192793
1192910
1192962
1193066
1193155
1193186
1193278
1193314
1193341
1193501
1193659
1193674
1193824
1193965
1193969
1194004
1194644
1194770
1194776
1195572
1195581
1195708
1195859
1195969
1196034
1196067
1196070
1196089
1196303
1196555
1196646
1196997
1197137
1197659
1197715
1197772
1197991
1198231
1198277
1198577
1198984
1198987
1198994
1199389
1199546
1199869
1199939
1200042
1200801
1201165
1201175
1201179
1201262
1201338
1201356
1201753
1201834
1201986
1202005
1202107
1202164
1202188
1202306
1202329
1202415
1202479
1202563
1202736
1202908
1203389
1203773
1204419
1204462
1204609
1204761
1204998
1205132
1205225
1205229
1205656
1205732
1205812
1205906
1206083
1206628
1206707
1206956
1207637
1207898
1208024
1208457
1208818
1209628
1210035
1210376
1210727
1210743
1210866
1210912
1211129
1211257
1211351
1211483
1211637
1211876
1212156
1212461
1212742
1212763
1212878
1214037
1214140
1214141
1214509
1214699
1214717
1214735
1214952
1215026
1215077
1215204
1215707
1215918
1215919
1216103
1216191
1216411
1216465
1216572
1216595
1217098
1217109
1217207
1217585
1217647
1217684
1217931
1218108
1218493
1218704
1218707
1218804
1219694
1220286
1220320
1221032
1221128
1221177
1221415
1221439
1221499
1222064
1222894
1223050
1223546
1224118
1224327
1224492
1224542
1224578
1225067
1225377
1225572
1225699
1225768
1225977
1226120
1226393
1226578
1226585
1226626
1226806
1226822
1226840
1226963
1227003
1227376
1227379
1227431
1227471
1228246
1229262
1229586
1229793
1229910
1230058
1230087
1230205
1230860
1231683
1231912
1231965
1231974
1232050
1232220
1232546
1232569
1232645
1232669
1232933
1232945
1232998
1233084
1233413
1233432
1233449
1233610
1233876
1233883
1234320
1234559
1234731
1234762
1234905
1235192
1235501
1235770
1236204
1236377
1236418
1236469
1236471
1236868
1236945
1237000
1238091
1238689
1239461
1239679
1239770
1239773
1239806
1239816
1239825
1239940
1240272
1240655
1240711
1240889
1241470
1241674
1241837
1242011
1242195
1242578
1242590
1242721
1242914
1242937
1243038
1243260
1243358
1243389
1243470
1243538
1243849
1244039
1244101
1244126
1244185
1244523
1244525
1244531
1244548
1244652
1244781
1244933
1244944
1244953
1245116
1245540
1245776
1245934
1246445
1246463
1246610
1246932
1247181
1247193
1247705
1247729
1247844
1247890
1248637
1248707
1248711
1248794
1249336
1249385
1249508
1249532
1249814
1250346
1250512
1250846
1251416
1251506
1251717
1251910
1252113
1252287
1252471
1252552
1252778
1252959
1253284
1253334
1253375
1253414
1253606
1253664
1253841
1254225
1254274
1254477
1254896
1255272
1255394
1255453
1255486
1255562
1255659
1255760
1255833
1255945
1256520
1256695
1256988
1257009
1257079
1257380
1257586
1257775
1257780
1257801
1257866
1257983
1258623
1259089
1259366
1259413
1259421
1259625
1259754
1259835
1260040
1260066
1260700
1260794
1260968
1261261
1261650
1261759
1261902
1262022
1262208
1262376
1262389
1262404
1262620
1263250
1264154
1264157
1264548
1264725
1264955
1264966
1265122
1265438
1265546
1265766
1266127
1266167
1266589
1266676
1266710
1266715
1266783
1267376
1267470
1267505
1267527
1267584
1267636
1267648
1268053
1268055
1268193
1268424
1268583
1269021
1269348
1269485
1270121
1270125
1270762
1270891
1270916
1271212
1271604
1272727
1272785
1272814
1272837
1272868
1272890
1272896
1273002
1273114
1273303
1273342
1273453
1273527
1274099
1274134
1274379
1274623
1274850
1274930
1275003
1275126
1275539
1276038
1276226
1276430
1276539
1276547
1276774
1276834
1276916
1277048
1277131
1277207
1277610
1277766
1277792
1277919
1277949
1278047
1278128
1278615
1278670
1278739
1278742
1278950
1279174
1279282
1279447
1279504
1279596
1279934
1280081
1280300
1280608
1280757
1280889
1280921
1280990
1281042
1281044
1281052
1281146
1281210
1281245
1281504
1281511
1281524
1281532
1281573
1281578
1281640
1281850
1281983
1281989
1282037
1282980
1283095
1283193
1283358
1283502
1283633
1283664
1283739
1283922
1283946
1284041
1284046
1284088
1284152
1284212
1284240
1284281
1284306
1284327
1284365
1284629
1284635
1284934
1284957
1285108
1285132
1285237
1285347
1285376
1285697
1285764
1285965
1286181
1286185
1286204
1286498
1286608
1286663
1286920
1287241
1287270
1287475
1287479
1287774
1287790
1287805
1287922
1288023
1288072
1288255
1288545
1288616
1289051
1289234
1289740
1289893
1289921
1289969
1290094
1290372
1290417
1290606
1290869
1290973
1290994
1290998
1291247
1291452
1291526
1291594
1291595
1291637
1291661
1291664
1292282
1292313
1292355
1292518
1292540
1292662
1292695
1292705
1292906
1293079
1293263
1293295
1293448
1293848
1293962
1294731
1294847
1295260
1295265
1295437
1295888
1296192
1296402
1296609
1296753
1297028
1297065
1297109
1297344
1297446
1297454
1297467
1297468
1297496
1297497
1297529
1297573
1297599
1298231
1298429
1298505
1298621
1298797
1298810
1299357
1299401
1299592
1300023
1300264
1300533
1300962
1300963
1301114
1301122
1301158
1301270
1301310
1301433
1301714
1302916
1302948
1303055
1303460
1303531
1303766
1304106
1304144
1304313
1304622
1304762
1305208
1305225
1305524
1305810
1305879
1305918
1305928
1305942
1306236
1306411
1306952
1307118
1307258
1307599
1307632
1308009
1308433
1308546
1308757
1308814
1308836
1308922
1309009
1309083
1309154
1309257
1309476
1309509
1309747
1310668
1310678
1311070
1311081
1311351
1311491
1311878
1311892
1311981
1312013
1312024
1312028
1312041
1312042
1312208
1312402
1312403
1312414
1312416
1312473
1312542
1312609
1312792
1312833
1312901
1312915
1312925
1313247
1313517
1313964
1314205
1314304
1314309
1314489
1314647
1314686
1314743
1314812
1314829
1314832
1315014
1315116
1315297
1315303
1315382
1315415
1316181
1316291
1316334
1316408
1316509
1316673
1316721
1316838
1317218
1317877
1317994
1318203
1318435
1318452
1318458
1318467
1318471
1318506
1318518
1318660
1318889
1318933
1318935
1318966
1318998
1319023
1319482
1319618
1319752
1319951
1320035
1320139
1320170
1320320
1320330
1320333
1320467
1320741
1320786
1321008
1321150
1321239
1321241
1321428
1321451
1321491
1321641
1321861
1321883
1322110
1322219
1322316
1322474
1322545
1322585
1322623
1322819
1323316
1323625
1323909
1323911
1323979
1323987
1324020
1324059
1324299
1324381
1324386
1324390
1324834
1324923
1325397
1325603
1325785
1325964
1326211
1326234
1326468
1326829
1326858
1327426
1327634
1327739
1327806
1327876
1327881
1327953
1328580
1328583
1328618
1328672
1328771
1328941
1328956
1328990
1329062
1329207
1329303
1329467
1329548
1329629
1330339
1330373
1330393
1330421
1330443
1330681
1333473
1335765
1335803
1335831
1335839
1335856
1336189
1336298
1336592
1336659
1337103
1337160
1337274
1337295
1337556
1337613
1337800
1338346
1338764
1338877
1338972
1339092
1339119
1339166
1339173
1339206
1339210
1339219
1339333
1339516
1339544
1339668
1339713
1339760
1340036
1340076
1340110
1340142
1340233
1340727
1340770
1340906
1341031
1341032
1341102
1341870
1342299
1342333
1351688
1351896
1352037
1352102
1352253
1352420
1352525
1352774
1352777
1352874
1353012
1353018
1353114
1353117
1353167
1353251
1353333
1353377
1353560
1353860
1354000
1354080
1354087
1354464
1354627
1354805
1354823
1354844
1355144
1355271
1355583
1355866
1356050
1356053
1356160
1356236
1356241
1356449
1356772
1356774
1356797
1356827
1356831
1356907
1357075
1357161
1357302
1357327
1357411
1357912
1357952
1357954
1358042
1358118
1358445
1358519
1358532
1358888
1358949
1358999
1359023
1359099
1359117
1359767
1359790
1359977
1360217
1360313
1361292
1361298
1361740
1362052
1362262
1362266
1362315
1362348
1362472
1362514
1362575
1363037
1363387
1363688
1364084
1364308
1364607
1364616
1364638
1364953
1364963
1364964
1365083
1365094
1365168
1365453
1365479
1365487
1365603
1365614
1365863
1365953
1366232
1366282
1366344
1366377
1366548
1366741
1366763
1366858
1367250
1367579
1367591
1367656
1367712
1367761
1367763
1367792
1367922
1367958
1368245
1368259
1368279
1368314
1368492
1368621
1368940
1368972
1369467
1369739
1369785
1369942
1369987
1370424
1371010
1371096
1371278
1371282
1371340
1371360
1371534
1371850
1371856
1371874
1372160
1372196
1372645
1372917
1372947
1373078
1373102
1373198
1373402
1373445
1373722
1373854
1373915
1374353
1374357
1374358
1374373
1374517
1374645
1374770
1375072
1375161
1375236
1375402
1375560
1375587
1375609
1375762
1375831
1375903
1375908
1375995
1376132
1376188
1376237
1376367
1376400
1376405
1376425
1376435
1376442
1376504
1376545
1376788
1377310
1377573
1377607
1377629
1377640
1377655
1377754
1378068
1378997
1379039
1379062
1379079
1379249
1379261
1379290
1379372
1379486
1380055
1380214
1380279
1380308
1380419
1380427
1380460
1380463
1380468
1380499
1380510
1380519
1380899
1381087
1381139
1381143
1381216
1381217
1381232
1381244
1381299
1381317
1381345
1381465
1381588
1381725
1381887
1382259
1382734
1382802
1382832
1382837
1382873
1383270
1383303
1383321
1383351
1383419
1383427
1383467
1383557
1383632
1383806
1383816
1383832
1383834
1384040
1384180
1384299
1384310
1384319
1384323
1384377
1384751
1385143
1385169
1385389
1385721
1385897
1386490
1386493
1386827
1386931
1387265
1387581
1387679
1387716
1387762
1387945
1387955
1388303
1388366
1388524
1388595
1388771
1388808
1389009
1389032
1389508
1389731
1389772
1389861
1389881
1390252
1390675
1390975
1390983
1391182
1391693
1391847
1391899
1392702
1392930
1392934
1393056
1393382
1393398
1393557
1393601
1393614
1393942
1395211
1395697
1396050
1396159
1396266
1396467
1396539
1396558
1396687
1396819
1397180
1398565
1398583
1398650
1398758
1399176
1399316
1399457
1399580
1399806
1399921
1400274
1400408
1400656
1400761
1400763
1400837
1400838
1400940
1401265
1401357
1401415
1401579
1401602
1401887
1402208
1402538
1402687
1402694
1402892
1403097
1403214
1403256
1403263
1404017
1404133
1404325
1404535
1404615
1404713
1405031
1405182
1405562
1405687
1406634
1406886
1407278
1407365
1407426
1407861
1408257
1408584
1409423
1409632
1409633
1409850
1409867
1409942
1409955
1410121
1411194
1411274
1411506
1411880
1412090
1412598
1412940
1413879
1414607
1415228
1415264
1415333
1415645
1415648
1415664
1415690
1415747
1415990
1416162
1416176
1416517
1416979
1417120
1417636
1417681
1417698
1417922
1418047
1418314
1418657
1418715
1418732
1418989
1419142
1419229
1419247
1419265
1419413
1419821
1420291
1421220
1421406
1421551
1421744
1421831
1421865
1421903
1421926
1422011
1422052
1422096
1422120
1423034
1423184
1423191
1423577
1423756
1424618
1424883
1424906
1424954
1425050
1425316
1425577
1426297
1426561
1426822
1426905
1427046
1427541
1427561
1428003
1428068
1428221
1428514
1428571
1428948
1428990
1429368
1430077
1430589
1430698
1430867
1430918
1430974
1431079
1431114
1431247
1431265
1432232
1432306
1432706
1432908
1433027
1433114
1433659
1433692
1433802
1433889
1433985
1434776
1434936
1435018
1435172
1435408
1435585
1436136
1436264
1436561
1436797
1436835
1437116
1437315
1437589
1437763
1437941
1438030
1438339
1438732
1438886
1439061
1439361
1439773
1439881
1439989
1440063
1440137
1440194
1440641
1441008
1441287
1441305
1441456
1441969
1442167
1442787
1443084
1443088
1443260
1443265
1443362
1443768
1443832
1443894
1443900
1444381
1444697
1444783
1444819
1445063
1445148
1445246
1445259
1445550
1445559
1446474
1446523
1446525
1446731
1446762
1446790
1446820
1447238
1447446
1447484
1447805
1448003
1448139
1448600
1448938
1449499
1449771
1449826
1450022
1450053
1450401
1450527
1450861
1450940
1451156
1451238
1451588
1452133
1452163
1452176
1452181
1452609
1452727
1453271
1453542
1453662
1453725
1454666
1454682
1454741
1454797
1454805
1454873
1454890
1455315
1456146
1456224
1456229
1456255
1456428
1456566
1456583
1456603
1456865
1457290
1457622
1457700
1457901
1457932
1457984
1458246
1458255
1458570
1458702
1458855
1459122
1459570
1459608
1459802
1459933
1460134
1460141
1460419
1460905
1461141
1461207
1461211
1461244
1461275
1461823
1462104
1462545
1462657
1462736
1462950
1462960
1463434
1463518
1463552
1463681
1463700
1464163
1464773
1465074
1465078
1465119
1465136
1465296
1465556
1465565
1465811
1465837
1465911
1465986
1466169
1466326
1466734
1466747
1466796
1466829
1467110
1467288
1467296
1467302
1467391
1467612
1467997
1468017
1468383
1468749
1468820
1468882
1469060
1469177
1469342
1470130
1470178
1470269
1470377
1470414
1470684
1470829
1470971
1471106
1471107
1471132
1471384
1471385
1471481
1471626
1471742
1471972
1472210
1472419
1472425
1472474
1472563
1472706
1472775
1472885
1472939
1473004
1473220
1473227
1473289
1473370
1473425
1473505
1473666
1473878
1473934
1474055
1474086
1474280
1474563
1474628
1474670
1474708
1474895
1475044
1475045
1475218
1475231
1475490
1475629
1475636
1476038
1476042
1476227
1476689
1476740
1477203
1477284
1477310
1477412
1477431
1477475
1477517
1477661
1477712
1477836
1477887
1477997
1478251
1478320
1478348
1478399
1478581
1478611
1478811
1478826
1478877
1478901
1479021
1479025
1479027
1479459
1479846
1480147
1480191
1480230
1480301
1480387
1480663
1480785
1481165
1481209
1481331
1481343
1481520
1481603
1481608
1481676
1481687
1482214
1482242
1482328
1482342
1482418
1482558
1483133
1483207
1483267
1483499
1483605
1483644
1483882
1483949
1484037
1484294
1484338
1484490
1484783
1484787
1485138
1485255
1485629
1485821
1485886
1486090
1486302
1486404
1486430
1486872
1487151
1487547
1487650
1487685
1487707
1488269
1488691
1488960
1489202
1489345
1489389
1489407
1489489
1489681
1489758
1489860
1489999
1490113
1490355
1490464
1490514
1491011
1491082
1491273
1491436
1491621
1491913
1492149
1492205
1492217
1492635
1493182
1493223
1493290
1493303
1493308
1493343
1493359
1493425
1493590
1493616
1493851
1493990
1494070
1494164
1494641
1494716
1495028
1495041
1495071
1495638
1495779
1495971
1496043
1496291
1496425
1496532
1496542
1496557
1496560
1496696
1496707
1496843
1496989
1497289
1497397
1498070
1498218
1498253
1498438
1498745
1498758
1498761
1498960
1499847
1499885
1499886
1500161
1500171
1500238
1500612
1500667
1500774
1500788
1500890
1500983
1501220
1501397
1501578
1501953
1502215
1502237
1502607
1502939
1502943
1502997
1503002
1503003
1503486
1503726
1503900
1504291
1504588
1504913
1505058
1505147
1505177
1505252
1505453
1505506
1505536
1505836
1505902
1505918
1505933
1505977
1506168
1506316
1506323
1506384
1506398
1506408
1506501
1506545
1507012
1507229
1507356
1507651
1507811
1508063
1508090
1508256
1508408
1508882
1509235
1509987
1510007
1510423
1510552
1510652
1510736
1510745
1511273
1511397
1511789
1511793
1511794
1511801
1511898
1511908
1512010
1512016
1512024
1512221
1512370
1512385
1512580
1512581
1512796
1512881
1513523
1513650
1513707
1514026
1514116
1514238
1514364
1514571
1514584
1514682
1514947
1515047
1515286
1515495
1515590
1515617
1515881
1516367
1516833
1517023
1517409
1517733
1518305
1518462
1518467
1518562
1518721
1518962
1518966
1519067
1519080
1519168
1519851
1520103
1520112
1520142
1520193
1520349
1520453
1520771
1520919
1522027
1522420
1522464
1522558
1522660
1522705
1522740
1522775
1522832
1523947
1524082
1524128
1524335
1524395
1524396
1524401
1524454
1524593
1524782
1524850
1525109
1525909
1526210
1526268
1526777
1526818
1527052
1527063
1527070
1527201
1527230
1527285
1527711
1527817
1528388
1528625
1528660
1528693
1528697
1528737
1528774
1528794
1529259
1529266
1529339
1529635
1529833
1529906
1530127
1530405
1530652
1530696
1531102
1531161
1531186
1531212
1531288
1531709
1531861
1532217
1532406
1532409
1532410
1532427
1532438
1532476
1532667
1532805
1532877
1532895
1532899
1532906
1532908
1532922
1532997
1533077
1533137
1533140
1533249
1533253
1533534
1533549
1533562
1533563
1533564
1533611
1533639
1533793
1534061
1534063
1534100
1534164
1534281
1534789
1534873
1535103
1535230
1535303
1535429
1535650
1536233
1536266
1536465
1536533
1536756
1536940
1537268
1537344
1537609
1537617
1537642
1537673
1537810
1537863
1538112
1538206
1538218
1538537
1538806
1538824
1538946
1539249
1539251
1539645
1539990
1540052
1540310
1540365
1540415
1540544
1540870
1540936
1540956
1541192
1541212
1541265
1541273
1541330
1541394
1541949
1542065
1542199
1542246
1542307
1542531
1542603
1543082
1543453
1543765
1543942
1544122
1544162
1544201
1544212
1544264
1544294
1544295
1544300
1544418
1544428
1544754
1544948
1545065
1545251
1545500
1545545
1545989
1546091
1546106
1546115
1546530
1546617
1546736
1546937
1546947
1547159
1547312
1547367
1547491
1547520
1547524
1547525
1547527
1547602
1547751
1547957
1548120
1548215
1548300
1548558
1548780
1548816
1548882
1549004
1549031
1549041
1549081
1549085
1549110
1549825
1549856
1549857
1550388
1550537
1550557
1551003
1551021
1551063
1551385
1551563
1551697
1551756
1551775
1551786
1551829
1551954
1552050
1552241
1552393
1552483
1552525
1552760
1552897
1552927
1553284
1553375
1553398
1553758
1553878
1554419
1554514
1554565
1554615
1554638
1554853
1554860
1554924
1555055
1555104
1555172
1555428
1555478
1556063
1556157
1556261
1556596
1556959
1557165
1557171
1557194
1557213
1557338
1557341
1557694
1557702
1557819
1557995
1558000
1558025
1558088
1558103
1558114
1558121
1558134
1558218
1558240
1558386
1558506
1558614
1558682
1558839
1558899
1558950
1559086
1559160
1559361
1559469
1559512
1559628
1559632
1559637
1559739
1559771
1559827
1559864
1559898
1559986
1560448
1560511
1560580
1560588
1560599
1560610
1560615
1560756
1560926
1561046
1561316
1561327
1561329
1561458
1561575
1561645
1562146
1562243
1562254
1562459
1562593
1562597
1562795
1562942
1562953
1563080
1563180
1563362
1563506
1563709
1563886
1564044
1564252
1564389
1564494
1564573
1564582
1564614
1564641
1564695
1564735
1564836
1564848
1564878
1564921
1565447
1565462
1565487
1565756
1565990
1566001
1566023
1566150
1566194
1566212
1566567
1566570
1566601
1566603
1566742
1566999
1567048
1567192
1567275
1567588
1567594
1567607
1567770
1567782
1567861
1568089
1568135
1568210
1568334
1568348
1568410
1568436
1568561
1568832
1568856
1568913
1569042
1569099
1569153
1569299
1569377
1569463
1569829
1569888
1569912
1570005
1570063
1570079
1570185
1570408
1570504
1570670
1570724
1570837
1570839
1570946
1571231
1571236
1571243
1571251
1571466
1571701
1571900
1571934
1571947
1571960
1572012
1572064
1572067
1572073
1572169
1572235
1572316
1572388
1572497
1572582
1572679
1572782
1573023
1573028
1573054
1573154
1573191
1573354
1573594
1573704
1573715
1573717
1573730
1573740
1573757
1573785
1573791
1574060
1574087
1574121
1574156
1574763
1575025
1575036
1575093
1575321
1575411
1575490
1575497
1575534
1575542
1575647
1576386
1576546
1576549
1576678
1576887
1577007
1577317
1577345
1577795
1577796
1577831
1578056
1578088
1578424
1578643
1578645
1578660
1578897
1578918
1579134
1579156
1579276
1579361
1579691
1579796
1579830
1579853
1580280
1580496
1580912
1580993
1581084
1581184
1581378
1581397
1581602
1582188
1582238
1582437
1582836
1583164
1583220
1583250
1583539
1583798
1584001
1584015
1584032
1584483
1584785
1585709
1586062
1586794
1586941
1586975
1587010
1587100
1587422
1587630
1588064
1588097
1588101
1588197
1588256
1588806
1588809
1589083
1589423
1589530
1589656
1589722
1590070
1590102
1590133
1590154
1590432
1590554
1590690
1590984
1591046
1591083
1591126
1591272
1591893
1592085
1592212
1592312
1592338
1592395
1592452
1592463
1592702
1592985
1593030
1593054
1593095
1593102
1593146
1593270
1593349
1593561
1593613
1593663
1593870
1593913
1593932
1594257
1594478
1594651
1594896
1595111
1595128
1595149
1595158
1595271
1595325
1595365
1595368
1595421
1595452
1595759
1596301
1596410
1596781
1596871
1597557
1597607
1597906
1598241
1598485
1598802
1598827
1599129
1599181
1599213
1599392
1599478
1600147
1600149
1600174
1600278
1600472
1600990
1601103
1601156
1601478
1601660
1601975
1602032
1602259
1602267
1602352
1602483
1602487
1602570
1602752
1603217
1603318
1603468
1603584
1603596
1603781
1604013
1604474
1604528
1604674
1605094
1605114
1605202
1605429
1605744
1605903
1606192
1606669
1606791
1606889
1606966
1606978
1607003
1607017
1607151
1607698
1608072
1608237
1608435
1608437
1608753
1608761
1608998
1609153
1609333
1609447
1609732
1609844
1609858
1609874
1609876
1610073
1610090
1610099
1610299
1610337
1610418
1610460
1610463
1610703
1610718
1610745
1610805
1610883
1611583
1611600
1611727
1611738
1611752
1611977
1612239
1612291
1612417
1612434
1612472
1612889
1612991
1613013
1613059
1613089
1613112
1613246
1613542
1613813
1614101
1614869
1614939
1614942
1615470
1615605
1615680
1615708
1615768
1615868
1616194
1616248
1616344
1616545
1616600
1616994
1617135
1617213
1617221
1617268
1617297
1617299
1617332
1618077
1618361
1618843
1619310
1619417
1619430
1619452
1619600
1619657
1619720
1619765
1620060
1620126
1620185
1620267
1620269
1620441
1620711
1620816
1621025
1621108
1621116
1621136
1621190
1621258
1621417
1621686
1621775
1621891
1622040
1622163
1622180
1622202
1622465
1622490
1622529
1623284
1623399
1623517
1623659
1623674
1623870
1624000
1624233
1624353
1624609
1624898
1625067
1625078
1625102
1625155
1625390
1625523
1625584
1625673
1625809
1625898
1625977
1626129
1626149
1626151
1626254
1626332
1626367
1626368
1626772
1627071
1627134
1627373
1627380
1627954
1628555
1628593
1628674
1628708
1628777
1629130
1629258
1629261
1629355
1629465
1629630
1629782
1629881
1629959
1630001
1630067
1630293
1630307
1630421
1630440
1630475
1630746
1630771
1630953
1631049
1631143
1631208
1631252
1631253
1631292
1631354
1631388
1631743
1631862
1632004
1632187
1632189
1632198
1632290
1632301
1632369
1632413
1632452
1632652
1632759
1632808
1632818
1632915
1633032
1633689
1634118
1634325
1634360
1634395
1634441
1634568
1634820
1634882
1634905
1635108
1635150
1635161
1635363
1635455
1635552
1635671
1635690
1635785
1635787
1636073
1636074
1636106
1636140
1636154
1636200
1636215
1636464
1636674
1636875
1636979
1637133
1637163
1637224
1637238
1637377
1637404
1637528
1637569
1637574
1637578
1637612
1637714
1637728
1637859
1637919
1637952
1638103
1638328
1638518
1638566
1638677
1638821
1638911
1639039
1639066
1639360
1639366
1639531
1639686
1639897
1639899
1639958
1639960
1640113
1640882
1641071
1641164
1641236
1641275
1641375
1641832
1642288
1642333
1642419
1642568
1642617
1642701
1642777
1643120
1643197
1643207
1643244
1643254
1643504
1643848
1643849
1643892
1644166
1644213
1644253
1644269
1645210
1645603
1645620
1645963
1646108
1646116
1646118
1646119
1646122
1646124
1646142
1646541
1646710
1646816
1646894
1646950
1647157
1647335
1647413
1647483
1647523
1647566
1647583
1647626
1647716
1647787
1647895
1648017
1648175
1648295
1648322
1648427
1648554
1648585
1648638
1648649
1648815
1648986
1649419
1649437
1649441
1649443
1649529
1649551
1649674
1649747
1649762
1649766
1649773
1649784
1649787
1649795
1649802
1650066
1650290
1650534
1650606
1650854
1651069
1651347
1651533
1651542
1651571
1652046
1652281
1652300
1652309
1652401
1652532
1652652
1652916
1653067
1653570
1653722
1653827
1653862
1654125
1654269
1654295
1654380
1654448
1654479
1654511
1654550
1654605
1654712
1654770
1654803
1654961
1654998
1655055
1655204
1655286
1655335
1655633
1655673
1655742
1655768
1655920
1656350
1656480
1656697
1657122
1657361
1657379
1657532
1657567
1657668
1657775
1657908
1658353
1658532
1658649
1659101
1659152
1659300
1659447
1659522
1659582
1659657
1659742
1659743
1659806
1660141
1660147
1660295
1660340
1660420
1660486
1660607
1661211
1661324
1661586
1661855
1662069
1662075
1662094
1662160
1662483
1662520
1662599
1662661
1662725
1662921
1662949
1662955
1663082
1663501
1663787
1663914
1663945
1664247
1664373
1664518
1664537
1664548
1664557
1664580
1664629
1664897
1664935
1664951
1664981
1665084
1665091
1665183
1665237
1665347
1665393
1665401
1665432
1665435
1665506
1665518
1665534
1665581
1665716
1665903
1666773
1666852
1667634
1667772
1667806
1667843
1667932
1668071
1668362
1668381
1669135
1669194
1669200
1669254
1669923
1670462
1670558
1671241
1671305
1673140
1673242
1673251
1673256
1673706
1673888
1674269
1674696
1675237
1675733
1676373
1676989
1677112
1677496
1677565
1677616
1678132
1678192
1678298
1678404
1678419
1678725
1678947
1678967
1679002
1679019
1679072
1679094
1679288
1679300
1679799
1679862
1680084
1680087
1680459
1680857
1680875
1680890
1681289
1681429
1681439
1681676
1681694
1682406
1682605
1682620
1682627
1682644
1682979
1683097
1683150
1683254
1683298
1683531
1683578
1683614
1683977
1684129
1684190
1684269
1684304
1684321
1684586
1684618
1684718
1684836
1684982
1685095
1685145
1685470
1685487
1685489
1685533
1685843
1686044
1686150
1686201
1686208
1686277
1686301
1686606
1686620
1686821
1686904
1686933
1687070
1687144
1687160
1687164
1687173
1687247
1687275
1687569
1687758
1687771
1687797
1688209
1688216
1688322
1688495
1688592
1688662
1688883
1689011
1689045
1689617
1690064
1690070
1690120
1690174
1690285
1690323
1691128
1691179
1691344
1691688
1691846
1692044
1692191
1692260
1692264
1692266
1692295
1692531
1692539
1692597
1692623
1692825
1692861
1692932
1692968
1692975
1692997
1693137
1693287
1693501
1693687
1693792
1694152
1694276
1694301
1694372
1694451
1694497
1694727
1694764
1694815
1694978
1695167
1695276
1695360
1695366
1695493
1695634
1695762
1695883
1696192
1696198
1696290
1696337
1696448
1696506
1696660
1696730
1696814
1696829
1697438
1697620
1697835
1697880
1698595
1698627
1698799
1698847
1698941
1699175
1699250
1699285
1699353
1699354
1699463
1699911
1700369
1700567
1700651
1700726
1700738
1700780
1701141
1701395
1701450
1701597
1701603
1701611
1701656
1701682
1701972
1702553
1703118
1703149
1703166
1703194
1703228
1703263
1703305
1703343
1703407
1704068
1704326
1704506
1704894
1705057
1705070
1705120
1705139
1705666
1705685
1705879
1706365
1706404
1706439
1706556
1706682
1706739
1707029
1707137
1707268
1707310
1707417
1707474
1707718
1707736
1707880
1708190
1708236
1708241
1708253
1708376
1708531
1708587
1709334
1709339
1709459
1709628
1710100
1710225
1710229
1710666
1710835
1711159
1711175
1711204
1711282
1711352
1711808
1711819
1711953
1712088
1712272
1712278
1712405
1712454
1712480
1712582
1712606
1712788
1712828
1713497
1713572
1713680
1713962
1713968
1715068
1715137
1715188
1715251
1715253
1715334
1715359
1715382
1715560
1715641
1715820
1715881
1715919
1715974
1716006
1716716
1716885
1716914
1717044
1717206
1717354
1718597
1718636
1718970
1719001
1719030
1719153
1719261
1719713
1719715
1719718
1720042
1720156
1720375
1720522
1720570
1721012
1721120
1721188
1721425
1721507
1721592
1721622
1721637
1721657
1721792
1722452
1722535
1722854
1723201
1723217
1723316
1723761
1723803
1723822
1723862
1723896
1723932
1723946
1723967
1723985
1724009
1724263
1724390
1724396
1724422
1724651
1724881
1724991
1725145
1725352
1725589
1725746
1725954
1726009
1726191
1726341
1726343
1726415
1726557
1726612
1726699
1726771
1726788
1726820
1726851
1727610
1727719
1727721
1727870
1727906
1728043
1728244
1728307
1728309
1728367
1728862
1729008
1729011
1729013
1729050
1729087
1729569
1729650
1729739
1729836
1729941
1729966
1730069
1730096
1730130
1730158
1730565
1730685
1730804
1730868
1730882
1731010
1731358
1731656
1731666
1731672
1731673
1731735
1731784
1731811
1732149
1732191
1732484
1732497
1732851
1733132
1733451
1733454
1733806
1733835
1734379
1734420
1734422
1734796
1734954
1734999
1735202
1735476
1735482
1736719
1737292
1737860
